1 104.2039 148.0000 144.9922
2 112.3333 238.9961 150.0353
3 71.3804 365.9922 68.8588
4 187.1098 366.9020 105.0039
5 135.0588 432.5490 82.4078
6 63.0000 517.0000 203.9412
7 81.0078 676.9922 91.0039
8 223.9922 455.0078 113.9882
9 217.9961 821.0039 259.1294
10 128.9922 929.0784 70.0000
11 251.8941 104.0000 84.3412
12 454.0314 201.0078 111.9961
13 361.0000 452.9882 248.9804
14 284.9961 597.1137 66.9765
15 352.0000 560.0549 107.9961
16 311.0078 774.0000 77.9843
17 355.0118 926.1921 134.8353
18 450.0000 80.9804 75.0000
19 529.6706 246.0039 81.9922
20 581.0000 50.9961 176.7177
21 574.0078 187.9882 153.9804
22 642.9922 561.9255 250.9804
23 596.0000 601.9882 175.9608
24 470.0000 779.0000 141.9725
25 577.0039 959.0275 116.9255
26 838.9922 72.4314 101.9961
27 874.9843 193.0000 177.9882
28 806.9961 312.0941 119.0000
29 786.9529 640.9686 88.0000
30 773.0039 516.4196 141.9922
31 900.9882 780.5804 156.0000
32 764.0314 869.9961 147.9922
33 966.9804 348.0157 201.9922
34 954.0000 660.9961 110.9882
35 913.9961 853.9804 97.9843
36 882.0000 912.7922 211.9843
37 65.9922 83.9529 273.9882
38 47.0039 253.0000 212.3098
39 199.8314 53.0039 280.0000
40 90.3333 87.0039 362.0000
41 200.0118 151.9373 345.9804
42 64.9686 398.0000 237.2314
43 215.9961 263.0353 233.9961
44 91.0000 249.5529 330.9961
45 159.0078 260.2588 412.0000
46 213.1882 627.0078 191.0000
47 58.0000 649.4157 340.0000
48 202.0118 628.0039 373.9529
49 75.0000 827.9882 299.9804
50 207.0000 740.0157 259.0667
51 92.0000 781.9412 377.0000
52 226.2941 780.0196 342.9961
53 76.9804 873.0196 223.0000
54 282.0000 165.0039 301.0275
55 459.0157 121.0549 239.0039
56 257.0000 83.0235 343.7098
57 342.9961 85.0078 341.8039
58 366.7333 170.3569 348.9020
59 260.0078 425.0118 229.0980
60 337.0078 280.0000 216.8471
61 295.9686 235.1961 459.0000
62 271.9373 353.9725 375.9961
63 321.7216 315.0000 431.0235
64 353.5922 391.1373 380.4980
65 327.7333 472.0000 334.4510
66 292.9843 507.9804 242.0000
67 420.8039 703.2118 369.0000
68 214.0196 529.0000 372.0588
69 262.0000 685.9804 409.9020
70 269.9725 688.0000 223.0000
71 409.9804 878.0039 208.9725
72 306.0235 772.0314 384.0000
73 335.0432 880.0039 347.0000
74 273.0196 941.6549 373.0000
75 415.9882 963.9216 187.0000
76 382.0000 958.9412 357.0039
77 551.9882 118.3647 251.0000
78 517.9764 190.0000 303.9922
79 574.9177 197.4392 245.0000
80 591.0863 50.6745 356.8196
81 702.4392 214.6392 342.0000
82 525.0039 272.0627 261.9843
83 476.3765 408.7451 366.8510
84 579.0000 518.0039 199.9843
85 478.9961 636.0471 353.0000
86 543.0118 512.0000 389.0784
87 570.2039 740.0000 330.9922
88 545.0000 883.9725 280.0000
89 659.0000 764.2432 318.0000
90 505.0510 757.0000 468.8745
91 595.4902 820.9922 348.3451
92 483.7843 933.6353 242.9922
93 626.7961 895.0078 266.9843
94 572.8431 978.0039 370.9765
95 652.3961 188.0039 269.8000
96 784.8666 233.0039 321.0157
97 808.9804 355.7686 200.0000
98 686.0000 420.0235 235.7647
99 884.0196 341.5765 235.9804
100 700.9922 359.0314 409.9882
101 860.5176 420.5137 385.9922
102 762.2667 516.9961 234.9843
103 824.9843 590.0118 269.2588
104 764.8902 551.0196 312.0039
105 866.0275 553.0000 338.9804
106 705.0000 718.2471 250.9882
107 673.3608 849.0000 318.0275
108 749.6824 808.0157 217.0000
109 887.6824 706.0118 202.9961
110 739.0078 709.0000 330.0392
111 664.0902 912.0039 432.0196
112 908.0000 708.0000 327.9961
113 797.9961 838.0039 337.9568
114 709.0078 930.9764 247.6863
115 918.9529 974.0157 332.0000
116 910.0000 43.6431 384.0000
117 964.2823 189.0000 392.9882
118 915.0078 253.0235 232.9922
119 936.5765 406.9882 262.9961
120 978.0078 576.0000 251.0000
121 959.8981 661.0000 426.9843
122 954.0000 744.0706 256.9922
123 71.4824 69.6902 491.0039
124 118.2784 138.0118 489.4980
125 85.9686 215.0549 496.0000
126 147.0039 179.5608 573.0078
127 140.9922 432.0078 516.9843
128 210.0000 302.1176 470.0941
129 65.7020 213.1020 683.0000
130 92.0000 339.3843 577.0706
131 237.9961 241.0706 538.9922
132 243.0000 341.9765 647.8157
133 226.5490 404.0000 534.0039
134 100.0000 510.7921 458.0235
135 135.4745 599.7765 593.5451
136 239.4824 651.8823 494.8275
137 90.0000 746.2745 464.5333
138 69.9922 830.0392 469.0432
139 177.0510 689.0000 439.9961
140 148.4941 915.0000 574.8588
141 60.6588 777.6431 546.0000
142 256.9882 713.3019 558.0863
143 128.9922 976.0118 438.9529
144 296.9804 47.9843 419.0471
145 349.9961 159.3137 488.9922
146 227.5020 57.3059 570.9961
147 325.0471 185.9843 609.5137
148 445.1530 79.6078 614.9373
149 349.0000 111.1020 659.9647
150 346.2549 398.6157 473.9961
151 343.5255 355.9961 653.9647
152 295.8196 352.0235 575.3843
153 323.9843 491.0118 427.9804
154 390.0000 568.9608 557.3137
155 279.9961 502.0039 626.9373
156 351.0000 870.9922 558.1490
157 439.0039 707.6588 525.2549
158 224.0000 928.0392 443.5176
159 444.0000 947.0000 434.6039
160 230.3333 938.0000 592.3647
161 510.9922 72.9922 485.6784
162 536.0196 172.0157 479.0039
163 702.0000 75.0235 579.9961
164 616.0078 139.0000 479.5255
165 599.6000 184.7098 619.0000
166 563.7529 341.0000 504.9882
167 525.0039 449.1098 492.8627
168 650.9020 290.0078 463.8706
169 622.0941 376.4000 448.6510
170 576.0000 272.9961 592.9098
171 529.0000 387.8784 567.4235
172 526.0236 597.9961 414.6353
173 474.0000 530.9922 562.2745
174 642.9922 595.0000 686.9608
175 585.7411 779.0706 443.7921
176 480.7647 881.5922 544.0196
177 539.0236 805.0078 609.9686
178 653.0314 760.5412 605.9804
179 606.0000 957.9294 479.0039
180 494.6314 983.0039 683.6706
181 661.0000 965.0118 633.4353
182 759.9568 131.7726 542.4980
183 631.7059 42.5137 614.9922
184 762.0000 321.9568 464.8000
185 866.0157 387.0000 472.4745
186 723.8823 321.6000 617.4824
187 949.9686 301.9843 706.9177
188 867.9725 445.7255 661.6588
189 813.0000 482.4353 592.7059
190 723.5215 604.2471 456.8941
191 913.9882 674.0275 498.3804
192 725.9137 614.6549 660.8392
193 671.6510 754.0000 505.6745
194 734.9764 870.5961 486.9961
195 870.1334 707.5255 421.4471
196 829.4196 880.0745 486.9804
197 785.0157 722.1843 559.9451
198 906.7647 893.1882 649.4706
199 861.7647 967.9804 523.2863
200 945.9961 93.0157 531.9490
201 940.5020 369.9882 445.2510
202 923.3726 256.9490 628.3726
203 966.0314 913.5961 491.9961
204 134.4196 96.2000 784.1451
205 155.0000 64.9922 708.9922
206 91.1765 262.8549 775.6549
207 119.5333 382.4588 672.5215
208 88.2588 478.5020 769.9529
209 71.0196 535.9725 695.9843
210 134.8863 667.0667 760.0000
211 44.9843 750.6667 689.7137
212 145.5647 876.6588 727.4117
213 122.0941 801.4706 767.6000
214 98.4941 947.5451 819.0510
215 296.6863 58.0000 709.5608
216 309.1725 118.9843 774.5294
217 226.5686 41.6902 658.0078
218 263.9843 249.0157 788.4863
219 273.2902 370.7177 767.7098
220 232.6784 449.9804 767.9529
221 472.8000 275.0000 841.2510
222 402.6745 363.6628 837.0000
223 278.2000 591.0000 777.0823
224 433.3608 573.5137 634.0118
225 430.1059 567.0510 780.4667
226 234.4235 726.5686 690.7608
227 261.8706 809.0549 657.1647
228 431.4941 921.0236 690.5294
229 224.7020 669.4392 773.3019
230 332.5569 760.0078 833.0039
231 454.3177 689.4745 772.4078
232 451.8039 862.1882 759.7804
233 447.6980 959.7216 776.4549
234 550.5843 168.2314 700.3490
235 679.9294 62.0902 690.7608
236 666.6274 207.8471 674.5883
237 550.8784 51.3216 771.9725
238 560.0078 134.9961 790.4824
239 591.2157 248.1529 678.9922
240 528.4078 368.4980 761.6313
241 614.2667 298.4784 779.2000
242 497.8706 221.6510 777.7765
243 663.9098 365.0627 763.9098
244 488.5647 572.9686 713.9961
245 696.0000 638.0039 740.8470
246 489.9647 506.0157 776.0471
247 559.0392 553.0863 785.0000
248 489.8118 804.8000 703.0039
249 640.0118 703.1216 753.9451
250 663.9922 895.9922 692.0275
251 517.3882 916.1647 763.9451
252 590.4941 807.9882 834.0000
253 704.0000 894.5843 774.0471
254 740.0000 194.2549 733.5412
255 918.9725 90.0118 683.9961
256 806.7098 89.0039 790.7098
257 883.5059 54.0039 767.0118
258 658.6667 308.9922 684.7529
259 734.8431 409.1490 765.1530
260 794.9764 435.0432 701.0000
261 878.2589 338.2902 788.7020
262 762.1765 512.4314 682.8314
263 877.0000 589.9059 710.7804
264 780.9451 487.4118 774.0000
265 833.4628 560.1882 784.2823
266 755.4902 904.8745 704.7882
267 803.6431 769.7882 671.2706
268 760.4863 814.4117 766.0588
269 886.9843 776.9804 794.0118
270 750.0236 974.0392 759.9725
271 928.4628 938.4431 760.4588
272 935.0039 220.9961 770.7333
273 952.9922 85.0824 803.7372
274 920.4824 510.4941 677.5098
275 982.9961 658.9647 714.0000
276 910.7647 519.0706 768.0471
277 944.0118 599.0432 770.7137
278 93.0000 71.0118 76.9843
279 232.9725 182.9961 112.0000
280 161.0000 347.1216 232.9922
281 229.0353 649.0667 128.0000
282 123.7412 787.0000 119.8431
283 187.2627 880.0000 95.9882
284 82.0353 718.9843 173.0549
285 274.0000 928.0510 126.9961
286 247.9451 106.9922 186.0000
287 291.0039 248.7333 140.9804
288 432.0118 365.0078 92.0000
289 309.0392 686.9804 95.0784
290 271.9961 842.0039 101.9843
291 417.9882 872.3216 120.9961
292 592.0000 80.8000 110.0000
293 428.9765 253.1843 205.9922
294 638.9686 623.9961 101.9922
295 549.0000 725.0078 86.9412
296 674.1177 751.7647 89.0000
297 452.0000 729.9882 217.9529
298 590.0000 815.9412 251.0039
299 479.5059 895.9922 167.0000
300 690.8000 899.9804 104.0000
301 701.0275 221.9922 120.9922
302 763.8157 70.9922 186.9882
303 812.9922 441.0078 105.9765
304 861.0039 514.9608 114.0000
305 983.0510 62.0078 107.0196
306 971.1961 94.0000 203.0000
307 944.9843 339.9961 64.9647
308 470.9647 583.3451 96.0275
309 486.6823 654.9922 260.0000
310 99.0353 171.0745 247.9922
311 152.0000 99.5961 193.0039
312 47.0431 130.0078 432.5569
313 100.9961 205.9961 421.0000
314 223.0039 108.0667 424.9882
315 125.0000 382.0000 307.7608
316 44.5608 407.2549 333.9922
317 52.9961 668.0118 232.0039
318 210.0196 510.0039 215.9725
319 106.9843 594.9843 422.0118
320 113.0000 782.9764 222.0431
321 177.9961 937.9608 322.0000
322 73.6745 731.0078 316.9961
323 231.2902 814.3137 449.0078
324 348.9608 84.0000 189.9882
325 447.0353 146.4902 357.9686
326 404.3294 189.0275 429.8353
327 242.7765 276.9765 391.0000
328 213.0078 395.0000 311.1020
329 324.1216 312.0078 321.0000
330 415.7490 326.0039 240.4941
331 484.0196 377.9922 490.9608
332 201.6118 573.0000 280.9961
333 326.9882 648.7568 297.0000
334 445.0000 552.0549 268.9608
335 297.6588 607.9882 378.0000
336 456.0588 555.0471 385.9451
337 399.0000 627.9961 400.0314
338 345.0432 750.3608 238.0000
339 321.4039 876.0000 231.4078
340 323.0000 837.5765 447.4078
341 462.0353 776.2628 383.2588
342 315.4745 968.0196 297.9961
343 338.5059 917.0039 431.9882
344 698.2549 107.5137 222.5059
345 561.9764 102.3255 424.9922
346 566.6981 247.9294 341.9020
347 463.4902 261.0745 321.8510
348 485.5686 348.0706 297.4353
349 542.4392 425.7686 317.0000
350 629.5490 514.0039 363.9961
351 482.1843 487.0000 334.9961
352 472.0000 645.4667 468.9647
353 630.0275 722.4117 393.0000
354 584.0157 883.2902 445.0000
355 563.9177 958.7490 242.9922
356 479.0471 975.0000 359.9843
357 653.5451 962.5215 305.0078
358 762.9843 87.1725 370.0000
359 664.0353 338.0000 257.9177
360 690.0039 399.9922 323.7882
361 830.9843 258.9765 218.9961
362 714.9961 312.0000 332.9843
363 894.6313 298.0314 331.0000
364 771.9922 381.6549 348.0039
365 686.5176 498.2274 288.0039
366 741.2078 632.9961 249.9843
367 897.5137 529.9922 259.7843
368 826.5726 649.9686 202.0000
369 707.6274 642.0078 375.1176
370 935.0000 569.1765 431.9882
371 782.1647 571.5176 403.9922
372 790.4588 726.0000 216.9922
373 794.0157 920.9882 307.2588
374 865.7372 769.9333 252.0000
375 877.3530 907.9961 303.9843
376 708.0000 714.5883 423.9412
377 669.9961 803.8431 429.0000
378 794.0000 734.0196 405.9961
379 738.4628 967.0000 339.9961
380 902.4392 126.9882 349.9922
381 983.0039 286.0196 365.9804
382 950.3137 544.0000 330.1333
383 982.0039 669.0157 334.0314
384 947.4902 781.0000 332.0392
385 56.0118 325.9922 478.0000
386 62.0588 485.4431 539.0000
387 91.9961 297.0000 691.5961
388 250.0000 221.0353 633.9922
389 212.0118 322.5137 566.0000
390 47.0314 650.9843 499.9725
391 181.3216 532.0000 485.0118
392 105.3137 518.4196 613.0000
393 236.3686 574.3451 639.0118
394 48.9804 918.9922 448.9961
395 103.4980 864.8941 636.0980
396 113.1059 709.0588 549.0000
397 92.5098 949.0157 723.0000
398 300.0235 96.6392 528.1647
399 265.0000 171.7216 501.9882
400 316.0000 249.5333 544.0627
401 223.9412 392.9451 448.0000
402 423.7804 324.9922 511.0000
403 316.1530 433.1647 547.5608
404 456.9882 238.2784 593.8039
405 412.0118 436.0000 697.4549
406 223.9882 585.0000 552.7922
407 303.9961 557.0196 585.0667
408 432.3569 565.0000 480.0000
409 321.7961 615.4863 645.8275
410 381.0000 796.4628 525.2118
411 376.3451 686.2432 671.6392
412 266.3098 863.9882 582.9961
413 394.2196 734.3137 594.0275
414 325.0000 950.0078 557.9373
415 442.2039 107.9961 520.0000
416 475.3255 239.6628 411.2628
417 685.4471 180.9922 522.9843
418 513.0823 73.1922 686.3608
419 631.4588 126.2314 567.4000
420 634.3687 321.3922 542.2549
421 673.0000 450.3882 499.0784
422 554.5176 426.9843 646.9961
423 537.7529 536.9529 490.0000
424 658.9922 640.9882 527.7059
425 653.0000 642.9686 449.9765
426 518.0078 701.8157 533.0275
427 665.9922 918.6470 547.5255
428 497.0745 724.9922 611.0000
429 590.6627 901.0039 626.9216
430 589.0863 966.0784 570.0000
431 773.9647 66.8627 480.9843
432 679.0000 208.9647 428.0000
433 778.0353 95.6431 622.0039
434 843.5333 150.3686 602.2275
435 677.3922 481.9882 583.9922
436 877.0000 256.3804 552.6863
437 819.0078 395.8863 606.8981
438 762.6588 260.5647 670.8941
439 761.2432 642.2784 583.6510
440 895.8588 606.4902 591.0823
441 715.0000 802.0157 546.9137
442 863.5922 799.9882 441.9608
443 738.9764 757.4510 618.9373
444 846.3255 713.4745 621.7177
445 774.3804 849.3098 591.3608
446 835.0000 942.4863 620.3059
447 904.0000 95.8824 572.6784
448 877.4902 187.9961 448.0235
449 978.0000 65.0000 612.1843
450 900.2157 302.6000 479.9843
451 965.0118 440.0000 485.2000
452 929.2863 347.0314 608.3333
453 927.0000 869.7451 414.9922
454 922.2353 704.2589 580.2706
455 915.8863 963.5059 592.2275
456 105.9137 178.3922 762.3059
457 227.2314 94.8941 738.6784
458 259.0000 113.5294 842.0078
459 75.1255 395.4706 750.0000
460 50.0039 446.9725 677.4588
461 240.4784 293.4941 683.0000
462 213.8196 598.0902 720.1647
463 127.1333 600.7647 830.0039
464 56.9922 828.1843 712.4588
465 177.3137 666.3647 679.9020
466 226.3333 875.9843 698.0236
467 79.7529 677.3294 835.0000
468 161.7333 772.3882 834.4274
469 230.6196 924.2706 767.0118
470 179.4000 929.6588 834.0706
471 379.5451 63.5059 769.9608
472 370.6823 189.0863 687.4980
473 343.8157 450.7804 839.0039
474 387.0000 282.0549 678.0078
475 400.5176 355.8824 720.0667
476 362.9137 492.4235 765.6510
477 353.4667 635.5412 777.0432
478 337.9020 775.2667 691.0000
479 299.0000 922.0000 713.0000
480 368.6157 718.0275 756.0000
481 355.3647 813.7765 773.3961
482 431.8353 775.5333 757.8118
483 356.0000 947.7647 640.9804
484 386.7333 949.2196 835.0000
485 460.2667 177.0039 709.3647
486 663.0510 165.1451 767.1961
487 414.8157 108.7726 840.0118
488 509.7177 238.9216 665.6667
489 509.7765 445.0000 717.4902
490 540.4353 335.0039 644.0000
491 556.0000 294.2235 839.2628
492 573.0706 440.1647 779.6588
493 684.9529 413.0039 839.0039
494 630.6118 563.6078 837.0039
495 570.6706 621.7020 837.0000
496 499.6235 685.0039 700.8863
497 549.0000 865.0000 700.0000
498 560.4941 744.5137 681.4941
499 557.7568 702.6627 841.6745
500 633.9686 734.0196 835.0000
501 509.0432 959.9843 835.0039
502 597.6274 942.0000 787.0000
503 783.9686 172.0039 659.9882
504 894.1098 196.1647 691.7961
505 877.5255 99.0353 837.0000
506 724.9451 318.3922 735.5333
507 709.4235 385.0745 684.9529
508 871.6039 276.5529 725.2471
509 743.0432 352.3961 825.0000
510 879.6941 435.3843 756.0000
511 671.8784 510.9843 673.3255
512 789.6784 586.2667 711.9098
513 700.6784 514.4431 839.0039
514 680.0432 640.5372 831.0039
515 771.9412 633.0118 778.0078
516 727.4941 710.9961 778.8275
517 694.4471 752.5294 705.4902
518 876.5020 739.7255 710.9961
519 856.7020 935.8981 709.0471
520 812.1059 906.0000 837.0039
521 899.0039 140.0039 763.2275
522 984.8823 148.0000 750.5804
523 982.9922 214.9608 685.6510
524 943.9922 311.9098 840.0118
525 907.7411 663.7059 673.9961
526 895.4431 836.7961 720.2863
527 982.6549 724.0039 769.0392
528 945.6549 983.0039 681.6784
529 161.9922 201.8471 81.9961
530 214.9686 136.7137 255.9961
531 94.1686 501.0000 105.9961
532 200.5176 794.0000 85.0000
533 173.0000 874.6784 254.0000
534 307.9882 454.0078 152.0000
535 380.2784 480.3020 113.0392
536 212.9725 559.0157 98.9843
537 190.0588 784.0353 176.9922
538 239.8980 864.0039 170.0039
539 348.2471 745.0000 166.0000
540 416.9843 966.1451 93.0000
541 212.9882 985.0039 217.0706
542 734.0941 129.0000 117.0000
543 530.9961 339.9882 103.9569
544 532.6353 272.9804 170.9961
545 508.9882 570.8666 201.0000
546 685.9961 586.9098 176.9961
547 667.0588 713.0039 171.7490
548 636.9882 956.0000 192.7647
549 784.0000 219.0196 133.0235
550 714.8902 300.0000 108.9961
551 899.0039 304.5373 157.9882
552 657.9961 462.0000 98.9961
553 719.0000 573.3530 98.9961
554 915.0236 578.9373 126.0118
555 743.8353 734.0000 124.0000
556 926.0000 131.2667 262.9961
557 943.9177 225.0000 135.0078
558 852.9961 247.1216 89.0392
559 986.0000 535.9961 113.9804
560 70.8510 581.9764 122.0000
561 335.0078 844.0980 148.9843
562 545.0039 160.9333 85.0000
563 682.0078 65.3098 148.9961
564 592.9568 680.9922 158.9961
565 767.8863 598.0627 173.0000
566 837.0275 727.0000 104.9804
567 782.0000 889.0000 86.0235
568 762.0236 954.0078 149.9686
569 947.0039 132.9961 73.0000
570 951.6824 457.3059 98.0039
571 917.0118 739.5372 63.0039
572 87.9725 170.9255 318.0039
573 171.0039 63.0392 366.0000
574 160.9765 302.9686 306.0706
575 120.9647 459.8980 251.0000
576 124.0000 402.0000 392.0000
577 70.9961 519.0157 300.0000
578 107.9647 586.7961 233.0000
579 131.0000 692.0157 253.9843
580 129.0000 604.9843 325.9961
581 160.9725 460.0078 340.9961
582 171.1255 708.3882 344.9843
583 77.9961 867.9922 379.9608
584 181.0000 853.0314 341.9961
585 384.0000 125.6431 272.0000
586 305.7294 139.0000 409.9922
587 475.9882 76.0000 399.3216
588 302.9725 221.9843 374.9804
589 229.0000 224.0314 301.0000
590 347.0000 359.0196 134.9882
591 375.0000 258.0039 389.9922
592 457.9922 419.0000 256.0118
593 260.9294 444.0000 384.0000
594 407.0000 329.9843 425.9961
595 427.0000 409.0353 435.9882
596 361.9725 556.0039 211.9922
597 207.0000 652.1059 284.0000
598 268.0000 501.0000 449.8000
599 391.9765 720.0078 447.9568
600 252.4980 904.0000 286.1530
601 441.0000 786.8627 276.2823
602 319.6078 758.0510 459.0353
603 457.4471 880.0196 314.0000
604 386.9961 931.5726 285.0000
605 530.0000 103.1608 335.0196
606 635.4824 107.9804 286.0000
607 709.2235 194.0196 192.0000
608 549.0236 427.0000 213.0196
609 555.0314 340.0000 347.0039
610 573.0039 514.0039 290.9922
611 600.9882 582.9882 351.9961
612 646.6000 673.0000 318.9490
613 498.0000 830.8784 219.9765
614 610.0118 725.0000 244.0078
615 664.9137 796.0000 227.9412
616 529.0706 904.8549 355.2039
617 873.0000 203.7490 352.0000
618 647.9922 98.1098 410.9961
619 746.6039 221.5765 483.5725
620 839.5372 121.2314 498.9098
621 718.9961 260.7451 261.9961
622 757.0000 444.7569 287.9922
623 741.0078 266.7726 403.9961
624 671.0000 446.3372 405.9843
625 906.0510 460.6745 322.9922
626 784.9725 638.0000 339.9608
627 723.9764 511.0118 389.9804
628 792.9882 652.9725 433.0000
629 857.0000 534.4353 420.0157
630 775.9764 757.9882 288.0000
631 854.7568 775.8981 335.0039
632 781.9961 821.0706 428.9725
633 835.0078 896.9961 391.9922
634 744.0000 943.0196 431.9882
635 961.0000 206.9451 300.9922
636 964.0196 100.9804 427.0157
637 894.9961 634.9764 375.0157
638 935.4039 480.7490 405.9961
639 922.9843 840.2275 259.0000
640 936.1137 759.9804 430.9961
641 906.3098 852.0196 364.0000
642 954.9725 930.0039 263.8549
643 122.0000 97.1137 573.0000
644 177.0353 200.9882 489.0000
645 180.1647 122.0039 641.9451
646 54.8471 403.7882 504.4980
647 152.0000 266.8588 543.1530
648 135.1137 335.0000 456.9804
649 81.8588 422.6471 598.9686
650 217.0000 464.0000 675.0000
651 85.6941 572.4353 526.9961
652 251.1098 494.0118 540.9568
653 132.9882 642.0157 493.3059
654 137.1216 815.1725 556.0000
655 74.5333 876.4314 556.9922
656 201.2863 873.0745 519.7216
657 243.0157 658.0039 629.6000
658 91.0000 951.0078 516.1569
659 180.0039 969.0000 514.0078
660 165.0000 938.0157 665.7255
661 245.0235 148.0039 588.0118
662 344.6078 327.3451 515.0000
663 387.9922 290.1294 591.9686
664 434.6510 440.2549 581.1019
665 330.9882 535.0118 504.1843
666 304.6314 637.1059 559.8666
667 349.0000 706.9725 526.8353
668 457.9882 843.9804 458.9608
669 304.8549 721.4628 632.1451
670 328.0392 793.0039 599.9922
671 418.7451 909.9882 592.0000
672 523.6981 121.4078 556.7137
673 460.7372 210.0235 507.2588
674 693.1961 102.0039 486.3726
675 606.9843 212.9961 530.5569
676 625.3843 130.7882 691.8079
677 458.0588 491.1961 447.9725
678 664.6549 260.0196 605.7568
679 597.0471 464.9922 443.0078
680 494.9608 311.3569 570.0000
681 462.2235 312.1725 670.0000
682 689.4902 396.0196 586.0157
683 553.4196 571.0000 568.0000
684 594.2706 501.6667 618.8549
685 596.9137 780.1373 540.9882
686 588.0863 892.9882 550.9922
687 586.5294 713.2314 598.0039
688 673.5098 847.9804 603.3804
689 484.9961 960.2000 519.9882
690 567.8510 946.3922 700.4510
691 736.4667 148.5294 421.4980
692 696.2980 133.6118 639.9059
693 827.9882 83.2431 702.1451
694 788.1882 270.3020 569.8863
695 710.2078 282.0039 532.9098
696 826.9216 460.4000 454.8588
697 888.6902 421.0196 549.6470
698 788.6392 601.0000 511.9294
699 742.2667 511.6667 535.0000
700 932.5059 767.4000 514.5843
701 658.7804 679.8784 667.0078
702 823.0000 861.0000 667.0000
703 877.9608 794.6274 636.6549
704 872.7294 890.0275 564.3726
705 899.9961 177.0000 539.4000
706 941.7922 172.0431 614.0000
707 857.5922 313.8235 633.0000
708 948.2196 596.0941 521.0078
709 885.0627 941.0000 449.0000
710 240.9373 213.4078 711.0000
711 105.1961 316.4902 837.0000
712 64.4941 607.0941 758.2471
713 161.0000 550.0000 673.8431
714 72.1961 732.7922 772.2196
715 176.9882 736.6706 623.8314
716 266.6314 139.3333 676.3333
717 320.0000 200.0000 757.0000
718 427.6980 93.0000 701.0980
719 312.6196 280.9961 722.0000
720 462.8902 454.1373 838.0000
721 395.3137 608.0980 705.4745
722 290.9961 662.9804 711.9725
723 286.7333 737.8314 763.9764
724 440.0471 742.8275 677.9490
725 412.9843 820.0667 609.0000
726 484.0000 113.0000 764.0000
727 461.0118 302.7765 762.0000
728 591.8470 215.6235 765.9412
729 636.9843 426.7765 673.9294
730 568.4078 507.8235 715.8000
731 517.4353 740.3373 761.2902
732 830.6981 288.1882 841.0000
733 789.7961 346.0000 672.9725
734 642.8157 538.1882 757.3726
735 840.6431 505.9725 715.6941
736 754.2667 691.3412 695.2078
737 822.0706 874.3216 771.9804
738 949.6353 166.5098 830.0784
739 880.9098 364.5216 705.2863
740 961.5804 454.9216 742.8275
741 915.5686 706.5020 834.0000
742 950.7216 843.4431 788.2863
743 244.9922 343.3333 199.0000
744 131.0078 647.1530 176.9922
745 166.6274 567.0000 160.9765
746 166.0000 701.9882 103.9804
747 91.0000 928.9804 138.0157
748 422.9882 686.4863 152.0000
749 352.6784 664.0039 205.9843
750 426.0000 489.9765 202.0000
751 302.0078 809.9137 287.0039
752 682.0000 67.0353 50.9765
753 661.7529 373.9804 112.0000
754 549.0784 557.0000 101.0039
755 533.0000 782.9568 159.4902
756 787.0000 182.9804 229.4039
757 747.9451 386.9804 113.9961
758 868.1765 371.8000 103.9961
759 733.0275 490.0118 80.9882
760 749.9961 804.0118 78.0000
761 900.0314 405.9882 170.0196
762 938.1294 508.0000 190.9922
763 968.9882 722.5686 169.0000
764 202.9686 281.0039 92.9843
765 138.9961 607.1098 88.0000
766 74.7098 856.0118 100.0000
767 364.0000 73.9725 109.9843
768 267.0980 336.7333 114.0000
769 450.0000 441.0118 122.9647
770 294.2549 505.9961 82.0000
771 264.0039 537.2745 146.0000
772 278.4275 770.9961 194.0000
773 501.0078 46.0000 124.4549
774 645.9608 145.0078 109.0039
775 579.0196 348.8196 280.0000
776 597.0039 351.1569 169.9961
777 839.0000 455.0118 192.9412
778 685.9804 502.9922 205.9843
779 869.9882 652.9568 112.0275
780 831.0078 811.0706 64.0039
781 888.0000 104.0196 182.5176
782 854.0157 926.0196 122.0000
783 139.0000 114.0667 292.9568
784 130.9922 246.0039 241.0902
785 138.9686 143.0000 420.9961
786 225.0078 191.7098 419.9922
787 185.0275 344.0000 382.2588
788 232.0039 477.2549 291.0196
789 186.9098 711.0000 184.2274
790 69.0000 467.1608 392.8039
791 232.0118 584.9882 443.9882
792 102.0000 904.0000 300.2039
793 147.5490 784.9961 308.9961
794 127.9686 953.0000 230.5059
795 298.6274 95.0000 252.0039
796 347.2745 194.0078 230.0000
797 198.4392 115.4471 509.9922
798 406.0314 105.9961 442.9882
799 329.2941 359.2431 234.9961
800 240.8235 314.0000 290.0000
801 405.7098 323.9843 325.0039
802 366.8078 538.9922 296.0000
803 283.9568 592.0039 245.9922
804 312.7686 613.2078 458.0000
805 410.9961 881.1647 395.9961
806 307.0118 957.0000 196.2235
807 492.8824 196.9647 190.0000
808 726.4157 139.5569 303.0000
809 598.0196 271.7412 224.9922
810 595.9804 210.9922 424.9843
811 483.0000 325.0118 392.1843
812 615.4000 403.0000 358.7608
813 565.9804 601.9922 250.0314
814 617.0275 443.0118 184.9882
815 513.7765 568.7451 318.7372
816 594.0118 647.9647 408.0196
817 611.0000 562.0039 438.9294
818 535.0000 749.0196 234.0196
819 615.0196 902.0627 350.0000
820 507.9961 697.1019 406.9882
821 525.9764 948.3216 440.0000
822 821.9961 108.9961 237.7216
823 810.4471 151.0706 323.0000
824 708.0000 359.2000 185.9490
825 821.0039 308.8039 278.0078
826 819.0000 270.0000 362.9961
827 852.0157 389.6628 300.8078
828 685.9843 584.0000 321.2353
829 909.2353 625.0706 291.0000
830 691.7294 525.6157 462.0000
831 809.0000 492.0000 362.9843
832 868.2628 600.4392 483.1137
833 728.3373 790.0000 362.3686
834 827.3412 851.0392 244.0000
835 754.6667 761.0000 483.9804
836 725.8941 876.9961 386.7333
837 929.9922 50.0549 298.0000
838 982.0118 180.7490 211.9961
839 926.8118 368.5020 365.9961
840 943.3530 856.1882 187.0000
841 957.9922 949.0510 401.0078
842 93.3922 121.1098 694.6000
843 268.0000 327.9922 495.9686
844 175.9922 460.0039 436.8627
845 113.0000 246.3059 617.9490
846 163.9882 462.0275 612.0157
847 163.9882 517.0000 538.2392
848 109.6588 615.9922 682.3333
849 148.0039 833.1725 466.9922
850 172.7137 752.8470 502.0000
851 99.1333 780.0000 626.0000
852 386.0118 41.9686 528.9882
853 372.8196 118.3843 572.0000
854 382.9961 256.0275 481.3372
855 381.9882 375.9961 575.8627
856 311.0314 278.0039 633.9764
857 348.8824 445.5255 632.8863
858 377.1961 514.0000 585.0000
859 463.9922 618.0471 557.0000
860 332.6902 535.9882 688.9764
861 288.0471 805.0000 523.9451
862 466.0275 795.0078 543.9843
863 395.9843 934.0078 512.9922
864 327.9804 868.3530 649.3294
865 450.7490 656.8157 642.9804
866 270.9294 962.0039 630.0000
867 569.0078 101.9961 628.0275
868 596.8314 46.1882 694.5215
869 497.3529 289.0039 485.0000
870 600.9961 412.7137 527.9961
871 528.0353 206.0078 567.9843
872 475.3843 398.0039 650.7451
873 592.3765 360.6235 707.6157
874 548.0000 625.0784 496.9020
875 519.4980 552.0353 656.9961
876 530.1569 644.5176 609.8118
877 615.0549 632.9804 605.9255
878 537.9961 833.9922 496.0078
879 484.4392 862.5726 636.9647
880 692.4785 688.3961 587.0157
881 618.0196 814.9804 675.0196
882 508.4510 941.5255 604.0823
883 814.0000 198.5490 532.1765
884 822.6313 261.7137 463.0000
885 745.1647 113.4314 713.9961
886 769.7333 352.0000 549.4941
887 839.0432 230.2039 631.0000
888 689.0667 577.3333 584.4039
889 821.4117 524.2353 510.0823
890 768.7255 557.5176 605.6941
891 738.0000 677.4274 502.9059
892 829.8549 792.3608 566.0000
893 735.2784 823.5137 671.6157
894 817.9608 143.9137 406.7647
895 951.9843 212.9882 484.0078
896 944.0314 445.4196 618.1569
897 910.9843 521.1961 584.0000
898 940.4824 823.9764 584.0000
899 961.1412 758.1686 642.7529
900 185.6863 161.7137 771.0000
901 132.9922 337.9961 761.9882
902 154.9020 425.1608 770.0078
903 213.4235 538.2235 804.3490
904 128.2000 737.9725 703.3451
905 79.6275 871.7451 782.0236
906 166.8745 979.3490 756.0000
907 219.0000 196.9843 841.0392
908 389.9961 145.0039 769.0667
909 216.9020 315.3020 752.0000
910 407.3333 233.2706 755.9529
911 355.6784 398.5882 775.1294
912 254.7843 528.5726 722.9177
913 339.3412 574.9216 838.0000
914 195.4196 745.0039 762.4314
915 431.8706 815.6118 834.0000
916 373.7216 900.8000 768.7922
917 401.6353 194.2863 838.0078
918 631.5451 84.4157 772.5215
919 540.0196 283.9725 734.8039
920 450.0627 407.9568 774.7882
921 676.7177 251.0118 751.5372
922 656.4941 452.4902 759.4902
923 465.5255 486.5686 648.8353
924 527.5412 634.5215 765.4745
925 597.6196 773.7372 760.1490
926 616.7529 856.5294 762.1216
927 746.4510 117.4863 833.0000
928 835.8079 200.6941 755.3882
929 801.6274 362.1804 761.1882
930 791.5490 272.0157 767.0000
931 728.7961 551.8588 764.3373
932 847.0000 546.1294 639.1530
933 684.7451 787.1137 792.2392
934 913.4785 679.4549 766.9568
935 801.7961 739.3804 754.3098
936 879.4785 953.3373 834.0000
937 894.0000 227.6353 840.0000
938 958.9490 364.9725 768.5215
939 893.0432 429.9608 834.0000
940 970.9882 795.0196 721.4117
941 972.6824 881.4902 711.7608
942 49.1608 302.0078 144.9961
943 137.5373 485.9686 179.0000
944 139.5569 859.4785 172.0000
945 188.9255 949.0000 155.9961
946 297.0000 616.9725 167.0000
947 445.0039 537.0196 125.4510
948 517.0157 122.9725 147.0039
949 597.0510 268.0000 124.9961
950 467.9961 358.0000 158.7451
951 511.0039 646.0078 155.9922
952 647.0078 644.1334 234.0000
953 613.0000 777.9922 145.0000
954 872.0000 155.7177 97.9922
955 671.8981 283.0432 170.0039
956 701.0196 665.0236 87.0078
957 916.0000 528.3490 39.0157
958 840.9804 547.9882 201.9529
959 697.3882 813.3412 142.9843
960 112.0118 381.9843 159.0000
961 169.9961 508.9961 60.8196
962 316.7216 154.0118 146.0000
963 420.8510 37.9961 206.9961
964 299.2823 416.8275 83.0000
965 378.9647 633.0078 95.9843
966 404.9804 789.0000 91.9843
967 812.9059 763.9922 179.0000
968 926.0118 633.9882 202.9882
969 968.9961 949.0549 68.0039
970 262.9882 193.0784 210.2118
971 84.4471 316.4824 262.4039
972 86.0353 323.1294 374.9961
973 267.1490 706.8941 326.0000
974 124.9961 527.6313 372.9373
975 102.0000 693.0039 395.9725
976 258.0275 855.8863 382.0000
977 153.0392 900.2510 405.9961
978 370.9882 241.9765 305.9961
979 304.0039 396.9373 298.0078
980 408.1882 473.9961 371.2784
981 369.5529 550.0667 388.9961
982 402.6667 692.7451 275.7726
983 377.0000 769.4628 337.9725
984 431.0157 197.0196 278.9725
985 618.7255 117.0000 200.9922
986 631.0000 168.0314 356.9922
987 521.2863 172.1255 386.0000
988 635.0039 313.0000 371.0157
989 619.8666 446.2863 279.9922
990 569.0627 294.0000 431.0000
991 503.9137 493.6706 247.9922
992 562.9647 658.9764 325.0000
993 516.0039 810.4667 327.0000
994 566.0000 888.3451 180.0000
995 524.0353 831.9922 407.9922
996 754.0314 62.9961 290.9765
997 869.6510 192.0275 274.0000
998 842.1961 70.9686 325.0000
999 755.9922 358.0510 267.9961
1000 746.3530 440.9961 175.8118
1001 774.6353 433.3451 523.0196
1002 828.8941 340.4627 406.6667
1003 830.3216 476.1451 284.0000
1004 833.3490 688.3530 284.0000
1005 739.0275 857.5098 279.9882
1006 897.4157 150.0039 439.9804
1007 949.9843 288.3451 270.9961
1008 915.1255 259.9922 408.1333
1009 968.0078 485.0039 273.8392
1010 906.5451 501.9216 494.9961
1011 979.0392 1003.0039 219.9961
1012 149.0235 39.9961 507.0196
1013 154.8902 190.8000 686.7020
1014 39.9922 360.2039 680.9922
1015 164.4980 382.8314 598.1804
1016 134.9961 467.3647 690.9098
1017 184.7294 666.9922 563.9961
1018 219.4745 787.0000 571.5137
1019 183.7098 801.4157 691.6392
1020 390.9882 201.9922 552.0000
1021 296.9922 84.0078 602.0627
1022 265.4353 420.5098 619.0000
1023 394.8824 468.3922 504.9412
1024 201.0510 231.0000 614.9882
1025 299.7020 437.3098 706.0000
1026 387.0039 635.6706 495.0235
1027 412.0000 524.0000 704.3804
1028 288.0078 895.0980 500.7137
1029 384.0000 646.1530 588.4353
1030 398.1530 833.8196 695.2941
1031 496.4627 147.9961 634.8706
1032 517.0000 472.9725 573.5490
1033 695.9255 367.9961 501.9255
1034 610.0000 372.0000 607.8745
1035 603.1647 701.4980 494.9922
1036 608.6588 499.9922 529.9529
1037 575.0078 654.4078 685.2941
1038 644.0039 844.9725 501.9177
1039 712.8981 982.0039 559.0039
1040 852.9804 51.9961 443.0000
1041 729.8000 202.1059 597.0941
1042 854.6510 337.3529 548.5176
1043 743.7177 447.7216 629.7294
1044 827.0118 629.9725 641.9882
1045 842.7333 659.0392 549.4902
1046 775.9098 923.0549 543.9412
1047 914.6000 849.1098 498.7451
1048 974.0902 636.9961 603.9373
1049 163.7765 309.0039 647.2078
1050 137.0745 547.0863 761.7020
1051 373.0000 307.0000 785.0000
1052 199.3490 385.6784 707.1137
1053 290.4549 508.5686 801.1961
1054 274.4902 822.0000 749.0000
1055 597.3726 366.9373 824.0588
1056 616.2980 620.0432 767.9608
1057 526.9490 824.5059 785.5922
1058 655.4980 965.9961 750.4863
1059 45.0000 125.0039 188.7843
1060 130.9961 316.0000 113.9333
1061 196.9725 276.0627 164.0000
1062 191.0157 413.8000 179.6980
1063 61.0078 568.0157 41.0000
1064 38.0353 738.0000 51.9333
1065 416.2588 132.9725 139.0000
1066 359.8745 354.0078 54.0000
1067 372.4980 280.0000 137.9961
1068 400.2588 396.1569 186.2745
1069 410.4941 549.5176 41.9922
1070 431.8941 611.6981 195.0000
1071 377.4980 717.1412 54.9725
1072 262.0471 929.9961 45.0000
1073 504.0118 56.3451 214.9961
1074 381.5529 183.9333 195.0000
1075 625.0000 201.9804 181.9882
1076 641.0118 310.9137 53.9922
1077 460.0078 289.9843 115.5961
1078 557.9804 486.9961 44.9922
1079 461.9765 719.0196 76.9686
1080 618.8902 918.0000 41.9961
1081 611.9882 864.0118 112.9843
1082 846.5922 848.0980 157.1294
1083 910.8863 45.4745 62.0118
1084 924.9882 204.0078 53.9804
1085 973.0000 406.5529 35.9922
1086 245.9098 725.9137 60.0000
1087 632.9725 217.9843 53.5216
1088 488.9961 314.0471 42.0000
1089 588.0392 414.9137 98.9961
1090 555.3804 634.9020 68.0000
1091 751.0157 287.5137 184.0000
1092 828.0000 572.9647 110.9647
1093 913.6235 612.0118 54.0000
1094 927.9725 967.9020 146.0000
1095 167.4196 236.0000 362.0000
1096 167.0157 765.0000 407.5804
1097 111.1765 979.0078 343.9373
1098 412.9804 42.9961 293.0000
1099 299.9961 249.1804 258.0078
1100 409.3294 407.1451 305.1333
1101 279.8275 543.9568 319.5176
1102 403.6902 609.0000 311.9961
1103 404.9804 802.0000 195.9686
1104 338.0039 690.8745 377.7177
1105 389.0549 798.4000 413.6078
1106 511.6824 345.0000 206.4667
1107 638.0236 265.4784 299.9294
1108 541.0000 393.0000 426.0000
1109 490.9961 719.2314 315.5333
1110 48.9961 587.9922 620.8235
1111 100.0039 690.0000 630.3530
1112 190.0824 857.9764 621.0000
1113 246.9804 729.0000 469.9451
1114 626.9882 595.0039 526.1490
1115 856.9961 734.0667 501.0039
1116 51.0078 101.6314 839.0078
1117 142.9961 155.3098 836.0000
1118 71.6902 211.0078 839.0471
1119 105.8745 428.9922 833.0000
1120 123.9922 514.9922 834.0118
1121 232.9922 608.0549 838.0000
1122 174.2549 851.7411 807.4039
1123 80.9216 790.9255 836.0000
1124 169.8471 689.7059 831.0000
1125 276.3843 43.9843 791.0000
1126 337.3922 74.4392 841.0039
1127 321.7333 166.9804 838.0000
1128 248.9882 314.4902 835.0078
1129 188.9333 460.2588 837.0000
1130 329.0078 255.0000 849.9922
1131 395.0980 511.1334 839.0000
1132 277.0000 691.0000 834.0510
1133 331.1647 856.0000 845.9882
1134 485.9843 732.0000 835.0236
1135 276.0000 943.0000 844.9843
1136 591.0000 67.8000 842.0627
1137 527.9725 400.0627 835.0000
1138 639.0000 237.8667 839.0196
1139 497.8824 562.9686 834.0000
1140 548.0902 882.4431 832.0000
1141 456.0235 897.4078 831.0039
1142 655.8431 863.1961 835.0039
1143 677.1019 68.8824 843.0157
1144 704.3490 189.7529 839.0000
1145 784.0157 196.9961 838.0118
1146 744.9725 267.9961 841.0000
1147 833.0039 488.0000 839.0039
1148 770.7059 570.9686 834.0039
1149 753.0000 856.2667 836.0000
1150 821.5608 818.9608 836.0236
1151 726.7333 957.9961 831.0039
1152 971.0000 250.9961 833.0078
1153 903.9529 564.3804 830.0000
1154 962.7961 766.0078 834.0039
1155 885.6078 872.9922 836.0000
1156 536.0157 469.0078 138.9961
1157 637.3333 536.0078 123.0039
1158 524.9216 851.2392 105.0000
1159 501.2000 975.0353 158.0000
1160 781.0784 126.9922 61.0000
1161 836.0392 986.0000 178.9686
1162 167.0000 108.6039 102.9922
1163 321.0039 791.2980 20.0000
1164 510.8078 699.0236 156.0078
1165 807.0078 136.9882 160.9922
1166 654.0000 872.7451 181.9451
1167 912.0078 301.0157 87.0000
1168 381.9922 843.0078 281.0392
1169 586.0000 897.9961 498.0235
1170 603.0039 566.0000 670.2196
1171 746.9882 128.0235 770.0275
1172 835.0275 623.4274 836.0000
1173 184.9529 66.0000 849.9961
1174 141.0000 243.9255 854.0000
1175 43.0118 367.0980 830.0000
1176 164.0039 367.0392 849.0000
1177 244.0078 402.7726 846.0000
1178 317.4275 358.9647 833.0039
1179 517.8275 86.9765 851.0000
1180 486.0000 161.8980 847.0000
1181 553.7490 215.9765 851.0000
1182 631.9568 151.9961 855.0000
1183 670.5647 312.0000 835.0000
1184 825.2196 377.0353 835.0000
1185 954.7294 490.9961 844.0000
1186 629.0000 479.0000 836.0196
1187 537.0118 483.0000 834.0078
1188 967.0823 646.0823 843.0000
1189 811.0549 708.9961 828.0039
1190 752.0039 770.9529 828.0078
1191 960.0078 947.9961 834.1059
1192 493.8157 650.9961 844.0000
1193 407.0000 620.0039 834.0236
1194 401.6314 713.9922 834.0039
1195 249.5333 760.9961 828.0118
1196 435.0000 162.3882 620.0000
1197 720.0000 915.7882 610.0078
1198 833.8039 662.4353 718.0000
1199 166.0039 236.0431 738.0039
1200 747.0039 427.9608 431.0314
1201 111.3020 282.0039 499.0000
1202 493.0000 936.0118 80.9216
1203 44.9725 772.0236 121.0157
1204 712.9373 651.9568 149.0000
1205 170.0078 188.0235 185.9765
1206 774.9882 435.0078 841.0118
1207 472.9177 117.0118 301.0000
1208 259.9922 819.0236 851.9961
1209 478.3647 332.0000 839.1921
