1 104.2039 148.0000 144.9922
2 112.3333 238.9961 150.0353
3 71.3804 365.9922 68.8588
4 128.0000 214.8863 1.9922
5 187.1098 366.9020 105.0039
6 116.0000 516.9961 2.0000
7 135.0588 432.5490 82.4078
8 114.1333 650.9961 1.9961
9 63.0000 517.0000 203.9412
10 81.0078 676.9922 91.0039
11 223.9922 455.0078 113.9882
12 5.9843 871.0078 158.9647
13 178.0078 703.0392 2.0000
14 217.9961 821.0039 259.1294
15 128.9922 929.0784 70.0000
16 144.8745 1023.0039 168.0392
17 251.8941 104.0000 84.3412
18 250.7333 17.9333 218.0000
19 454.0314 201.0078 111.9961
20 342.2392 9.9961 243.0000
21 243.0235 458.9922 1.9922
22 361.0000 452.9882 248.9804
23 284.9961 597.1137 66.9765
24 352.0000 560.0549 107.9961
25 311.0078 774.0000 77.9843
26 288.9922 896.0000 1.9725
27 316.9451 1008.0000 118.9765
28 355.0118 926.1921 134.8353
29 450.0000 80.9804 75.0000
30 529.6706 246.0039 81.9922
31 616.0000 134.0275 3.0000
32 581.0000 50.9961 176.7177
33 574.0078 187.9882 153.9804
34 494.3922 568.7726 7.9961
35 642.9922 561.9255 250.9804
36 596.0000 601.9882 175.9608
37 470.0000 779.0000 141.9725
38 708.0078 765.6000 1.9961
39 577.0039 959.0275 116.9255
40 739.8314 185.0235 2.0000
41 838.9922 72.4314 101.9961
42 874.9843 193.0000 177.9882
43 861.0000 373.0078 2.0000
44 806.9961 312.0941 119.0000
45 705.0078 507.9765 1.9843
46 786.9529 640.9686 88.0000
47 831.9137 536.9922 2.0000
48 773.0039 516.4196 141.9922
49 900.9882 780.5804 156.0000
50 764.0314 869.9961 147.9922
51 999.0000 75.9922 14.8510
52 965.0000 11.9961 222.8392
53 1022.0000 227.0118 96.8392
54 966.9804 348.0157 201.9922
55 998.0902 519.0000 10.9882
56 954.0000 660.9961 110.9882
57 1004.0000 666.9882 235.9765
58 964.1490 687.0314 2.0000
59 913.9961 853.9804 97.9843
60 1010.0039 746.7804 88.9922
61 998.0078 889.0980 17.9961
62 882.0000 912.7922 211.9843
63 1018.0078 874.0157 240.0000
64 1023.0000 962.9647 240.9961
65 239.8275 1023.0000 162.9569
66 65.9922 83.9529 273.9882
67 47.0039 253.0000 212.3098
68 199.8314 53.0039 280.0000
69 90.3333 87.0039 362.0000
70 13.9961 195.0000 373.9333
71 46.0039 30.0000 414.2314
72 200.0118 151.9373 345.9804
73 64.9686 398.0000 237.2314
74 215.9961 263.0353 233.9961
75 91.0000 249.5529 330.9961
76 159.0078 260.2588 412.0000
77 213.1882 627.0078 191.0000
78 35.9765 566.0157 369.9961
79 58.0000 649.4157 340.0000
80 202.0118 628.0039 373.9529
81 75.0000 827.9882 299.9804
82 207.0000 740.0157 259.0667
83 92.0000 781.9412 377.0000
84 226.2941 780.0196 342.9961
85 76.9804 873.0196 223.0000
86 31.9765 941.0000 349.7177
87 282.0000 165.0039 301.0275
88 272.7569 4.9804 314.9961
89 459.0157 121.0549 239.0039
90 442.9961 2.0000 312.2980
91 257.0000 83.0235 343.7098
92 342.9961 85.0078 341.8039
93 366.7333 170.3569 348.9020
94 260.0078 425.0118 229.0980
95 337.0078 280.0000 216.8471
96 295.9686 235.1961 459.0000
97 271.9373 353.9725 375.9961
98 321.7216 315.0000 431.0235
99 353.5922 391.1373 380.4980
100 327.7333 472.0000 334.4510
101 292.9843 507.9804 242.0000
102 420.8039 703.2118 369.0000
103 214.0196 529.0000 372.0588
104 262.0000 685.9804 409.9020
105 269.9725 688.0000 223.0000
106 409.9804 878.0039 208.9725
107 306.0235 772.0314 384.0000
108 335.0432 880.0039 347.0000
109 273.0196 941.6549 373.0000
110 415.9882 963.9216 187.0000
111 382.0000 958.9412 357.0039
112 551.9882 118.3647 251.0000
113 517.9764 190.0000 303.9922
114 574.9177 197.4392 245.0000
115 676.0000 35.9765 341.7961
116 591.0863 50.6745 356.8196
117 524.0078 22.9922 302.4000
118 702.4392 214.6392 342.0000
119 525.0039 272.0627 261.9843
120 476.3765 408.7451 366.8510
121 579.0000 518.0039 199.9843
122 478.9961 636.0471 353.0000
123 543.0118 512.0000 389.0784
124 570.2039 740.0000 330.9922
125 545.0000 883.9725 280.0000
126 659.0000 764.2432 318.0000
127 505.0510 757.0000 468.8745
128 595.4902 820.9922 348.3451
129 483.7843 933.6353 242.9922
130 626.7961 895.0078 266.9843
131 572.8431 978.0039 370.9765
132 794.0000 6.9804 389.0157
133 652.3961 188.0039 269.8000
134 710.0118 31.9882 425.9804
135 784.8666 233.0039 321.0157
136 861.0157 1.9882 321.9961
137 808.9804 355.7686 200.0000
138 686.0000 420.0235 235.7647
139 884.0196 341.5765 235.9804
140 700.9922 359.0314 409.9882
141 860.5176 420.5137 385.9922
142 762.2667 516.9961 234.9843
143 824.9843 590.0118 269.2588
144 764.8902 551.0196 312.0039
145 866.0275 553.0000 338.9804
146 705.0000 718.2471 250.9882
147 673.3608 849.0000 318.0275
148 749.6824 808.0157 217.0000
149 887.6824 706.0118 202.9961
150 739.0078 709.0000 330.0392
151 664.0902 912.0039 432.0196
152 908.0000 708.0000 327.9961
153 797.9961 838.0039 337.9568
154 709.0078 930.9764 247.6863
155 918.9529 974.0157 332.0000
156 1012.0039 258.3177 218.9882
157 910.0000 43.6431 384.0000
158 964.2823 189.0000 392.9882
159 915.0078 253.0235 232.9922
160 936.5765 406.9882 262.9961
161 1023.0000 286.0745 290.0000
162 1023.0000 431.0039 266.7804
163 978.0078 576.0000 251.0000
164 991.0196 438.2314 350.0000
165 959.8981 661.0000 426.9843
166 954.0000 744.0706 256.9922
167 996.0039 819.9177 402.0000
168 904.0000 1004.0745 235.9961
169 1021.0000 987.5608 357.0000
170 71.4824 69.6902 491.0039
171 118.2784 138.0118 489.4980
172 85.9686 215.0549 496.0000
173 89.9961 11.9961 568.9882
174 147.0039 179.5608 573.0078
175 140.9922 432.0078 516.9843
176 210.0000 302.1176 470.0941
177 65.7020 213.1020 683.0000
178 92.0000 339.3843 577.0706
179 237.9961 241.0706 538.9922
180 243.0000 341.9765 647.8157
181 226.5490 404.0000 534.0039
182 100.0000 510.7921 458.0235
183 135.4745 599.7765 593.5451
184 239.4824 651.8823 494.8275
185 90.0000 746.2745 464.5333
186 69.9922 830.0392 469.0432
187 177.0510 689.0000 439.9961
188 148.4941 915.0000 574.8588
189 60.6588 777.6431 546.0000
190 256.9882 713.3019 558.0863
191 128.9922 976.0118 438.9529
192 45.0235 940.0157 616.0000
193 229.0196 35.0000 479.7372
194 296.9804 47.9843 419.0471
195 441.4863 17.0000 464.0078
196 349.9961 159.3137 488.9922
197 227.5020 57.3059 570.9961
198 325.0471 185.9843 609.5137
199 445.1530 79.6078 614.9373
200 349.0000 111.1020 659.9647
201 346.2549 398.6157 473.9961
202 343.5255 355.9961 653.9647
203 295.8196 352.0235 575.3843
204 323.9843 491.0118 427.9804
205 390.0000 568.9608 557.3137
206 279.9961 502.0039 626.9373
207 351.0000 870.9922 558.1490
208 439.0039 707.6588 525.2549
209 224.0000 928.0392 443.5176
210 444.0000 947.0000 434.6039
211 230.3333 938.0000 592.3647
212 436.4627 992.0000 606.7020
213 510.9922 72.9922 485.6784
214 536.0196 172.0157 479.0039
215 588.4824 21.0000 446.9961
216 702.0000 75.0235 579.9961
217 616.0078 139.0000 479.5255
218 554.0000 36.9804 575.0196
219 599.6000 184.7098 619.0000
220 563.7529 341.0000 504.9882
221 525.0039 449.1098 492.8627
222 650.9020 290.0078 463.8706
223 622.0941 376.4000 448.6510
224 576.0000 272.9961 592.9098
225 529.0000 387.8784 567.4235
226 526.0236 597.9961 414.6353
227 474.0000 530.9922 562.2745
228 642.9922 595.0000 686.9608
229 585.7411 779.0706 443.7921
230 480.7647 881.5922 544.0196
231 539.0236 805.0078 609.9686
232 653.0314 760.5412 605.9804
233 606.0000 957.9294 479.0039
234 494.6314 983.0039 683.6706
235 661.0000 965.0118 633.4353
236 759.9568 131.7726 542.4980
237 809.7020 11.9961 612.0000
238 631.7059 42.5137 614.9922
239 762.0000 321.9568 464.8000
240 866.0157 387.0000 472.4745
241 723.8823 321.6000 617.4824
242 949.9686 301.9843 706.9177
243 867.9725 445.7255 661.6588
244 813.0000 482.4353 592.7059
245 723.5215 604.2471 456.8941
246 913.9882 674.0275 498.3804
247 725.9137 614.6549 660.8392
248 671.6510 754.0000 505.6745
249 734.9764 870.5961 486.9961
250 870.1334 707.5255 421.4471
251 829.4196 880.0745 486.9804
252 785.0157 722.1843 559.9451
253 906.7647 893.1882 649.4706
254 689.0000 988.6706 480.9804
255 861.7647 967.9804 523.2863
256 945.9961 93.0157 531.9490
257 945.9843 11.0000 462.0000
258 1018.0000 135.9961 505.7726
259 966.9882 2.0000 557.1804
260 1001.8470 124.9922 670.5333
261 985.0000 244.9098 561.0000
262 940.5020 369.9882 445.2510
263 923.3726 256.9490 628.3726
264 1006.0000 470.9686 557.0000
265 993.0000 551.0118 591.9216
266 1001.0157 724.8863 483.9922
267 966.0314 913.5961 491.9961
268 944.0039 1005.0000 476.9373
269 1002.0118 974.0196 542.9647
270 997.0039 935.0039 625.9059
271 134.4196 96.2000 784.1451
272 21.0000 210.7451 768.0000
273 89.9686 29.9843 659.9922
274 155.0000 64.9922 708.9922
275 174.9961 2.0000 813.8118
276 91.1765 262.8549 775.6549
277 119.5333 382.4588 672.5215
278 88.2588 478.5020 769.9529
279 71.0196 535.9725 695.9843
280 134.8863 667.0667 760.0000
281 44.9843 750.6667 689.7137
282 145.5647 876.6588 727.4117
283 122.0941 801.4706 767.6000
284 9.4078 996.0000 696.0000
285 98.4941 947.5451 819.0510
286 296.6863 58.0000 709.5608
287 309.1725 118.9843 774.5294
288 226.5686 41.6902 658.0078
289 263.9843 249.0157 788.4863
290 273.2902 370.7177 767.7098
291 232.6784 449.9804 767.9529
292 472.8000 275.0000 841.2510
293 402.6745 363.6628 837.0000
294 278.2000 591.0000 777.0823
295 433.3608 573.5137 634.0118
296 430.1059 567.0510 780.4667
297 234.4235 726.5686 690.7608
298 261.8706 809.0549 657.1647
299 431.4941 921.0236 690.5294
300 224.7020 669.4392 773.3019
301 332.5569 760.0078 833.0039
302 454.3177 689.4745 772.4078
303 451.8039 862.1882 759.7804
304 236.9922 985.9529 703.0000
305 299.2274 986.5765 769.9922
306 447.6980 959.7216 776.4549
307 453.8118 4.9490 700.5451
308 550.5843 168.2314 700.3490
309 469.1373 31.0039 788.2706
310 679.9294 62.0902 690.7608
311 666.6274 207.8471 674.5883
312 550.8784 51.3216 771.9725
313 560.0078 134.9961 790.4824
314 638.0236 2.0000 763.9490
315 591.2157 248.1529 678.9922
316 528.4078 368.4980 761.6313
317 614.2667 298.4784 779.2000
318 497.8706 221.6510 777.7765
319 663.9098 365.0627 763.9098
320 488.5647 572.9686 713.9961
321 696.0000 638.0039 740.8470
322 489.9647 506.0157 776.0471
323 559.0392 553.0863 785.0000
324 489.8118 804.8000 703.0039
325 640.0118 703.1216 753.9451
326 663.9922 895.9922 692.0275
327 517.3882 916.1647 763.9451
328 590.4941 807.9882 834.0000
329 704.0000 894.5843 774.0471
330 761.5804 28.0000 684.8823
331 740.0000 194.2549 733.5412
332 918.9725 90.0118 683.9961
333 806.7098 89.0039 790.7098
334 883.5059 54.0039 767.0118
335 658.6667 308.9922 684.7529
336 734.8431 409.1490 765.1530
337 794.9764 435.0432 701.0000
338 878.2589 338.2902 788.7020
339 762.1765 512.4314 682.8314
340 877.0000 589.9059 710.7804
341 780.9451 487.4118 774.0000
342 833.4628 560.1882 784.2823
343 755.4902 904.8745 704.7882
344 803.6431 769.7882 671.2706
345 760.4863 814.4117 766.0588
346 886.9843 776.9804 794.0118
347 750.0236 974.0392 759.9725
348 928.4628 938.4431 760.4588
349 935.0039 220.9961 770.7333
350 960.6000 24.0510 743.8981
351 952.9922 85.0824 803.7372
352 1023.0000 72.0000 754.2196
353 1023.0000 224.9961 764.8314
354 995.0000 385.3059 697.0471
355 1023.0000 310.6863 769.0549
356 1023.0000 435.0353 813.9882
357 920.4824 510.4941 677.5098
358 982.9961 658.9647 714.0000
359 984.0000 576.0196 682.9922
360 910.7647 519.0706 768.0471
361 944.0118 599.0432 770.7137
362 1023.0000 730.9568 691.0236
363 993.0275 850.0000 627.9177
364 1023.0039 874.4785 838.9922
365 93.0000 71.0118 76.9843
366 17.9686 107.0000 131.0000
367 232.9725 182.9961 112.0000
368 202.0039 383.5647 27.9961
369 161.0000 347.1216 232.9922
370 3.0000 523.0000 106.0157
371 229.0353 649.0667 128.0000
372 123.7412 787.0000 119.8431
373 187.2627 880.0000 95.9882
374 82.0353 718.9843 173.0549
375 274.0000 928.0510 126.9961
376 247.9451 106.9922 186.0000
377 291.0039 248.7333 140.9804
378 293.9922 29.0000 135.6863
379 432.0118 365.0078 92.0000
380 350.0039 455.0196 1.9922
381 309.0392 686.9804 95.0784
382 271.9961 842.0039 101.9843
383 417.9882 872.3216 120.9961
384 592.0000 80.8000 110.0000
385 428.9765 253.1843 205.9922
386 638.9686 623.9961 101.9922
387 549.0000 725.0078 86.9412
388 457.0392 876.9961 23.0275
389 674.1177 751.7647 89.0000
390 452.0000 729.9882 217.9529
391 590.0000 815.9412 251.0039
392 479.5059 895.9922 167.0000
393 690.8000 899.9804 104.0000
394 701.0275 221.9922 120.9922
395 872.1843 111.9961 1.9804
396 837.0078 194.9804 23.0000
397 763.8157 70.9922 186.9882
398 812.9922 441.0078 105.9765
399 681.0078 695.7451 2.0000
400 861.0039 514.9608 114.0000
401 814.9764 817.6981 1.9961
402 708.0039 1012.0039 185.9686
403 799.8079 1016.0000 85.0118
404 983.0510 62.0078 107.0196
405 971.1961 94.0000 203.0000
406 944.9843 339.9961 64.9647
407 985.9686 434.0353 194.9922
408 1023.0000 469.0078 84.5098
409 907.0275 749.9725 1.9922
410 470.9647 583.3451 96.0275
411 486.6823 654.9922 260.0000
412 1002.0039 835.0236 102.0039
413 99.0353 171.0745 247.9922
414 152.0000 99.5961 193.0039
415 47.0431 130.0078 432.5569
416 100.9961 205.9961 421.0000
417 61.9961 9.9922 324.9451
418 223.0039 108.0667 424.9882
419 125.0000 382.0000 307.7608
420 44.5608 407.2549 333.9922
421 52.9961 668.0118 232.0039
422 210.0196 510.0039 215.9725
423 106.9843 594.9843 422.0118
424 113.0000 782.9764 222.0431
425 177.9961 937.9608 322.0000
426 73.6745 731.0078 316.9961
427 231.2902 814.3137 449.0078
428 348.9608 84.0000 189.9882
429 308.5882 14.0000 500.0314
430 447.0353 146.4902 357.9686
431 404.3294 189.0275 429.8353
432 242.7765 276.9765 391.0000
433 213.0078 395.0000 311.1020
434 324.1216 312.0078 321.0000
435 415.7490 326.0039 240.4941
436 484.0196 377.9922 490.9608
437 201.6118 573.0000 280.9961
438 326.9882 648.7568 297.0000
439 445.0000 552.0549 268.9608
440 297.6588 607.9882 378.0000
441 456.0588 555.0471 385.9451
442 399.0000 627.9961 400.0314
443 345.0432 750.3608 238.0000
444 321.4039 876.0000 231.4078
445 323.0000 837.5765 447.4078
446 462.0353 776.2628 383.2588
447 315.4745 968.0196 297.9961
448 338.5059 917.0039 431.9882
449 698.2549 107.5137 222.5059
450 561.9764 102.3255 424.9922
451 566.6981 247.9294 341.9020
452 463.4902 261.0745 321.8510
453 485.5686 348.0706 297.4353
454 542.4392 425.7686 317.0000
455 629.5490 514.0039 363.9961
456 482.1843 487.0000 334.9961
457 472.0000 645.4667 468.9647
458 630.0275 722.4117 393.0000
459 584.0157 883.2902 445.0000
460 563.9177 958.7490 242.9922
461 479.0471 975.0000 359.9843
462 653.5451 962.5215 305.0078
463 606.9568 31.0000 265.2039
464 762.9843 87.1725 370.0000
465 664.0353 338.0000 257.9177
466 690.0039 399.9922 323.7882
467 830.9843 258.9765 218.9961
468 714.9961 312.0000 332.9843
469 894.6313 298.0314 331.0000
470 771.9922 381.6549 348.0039
471 686.5176 498.2274 288.0039
472 741.2078 632.9961 249.9843
473 897.5137 529.9922 259.7843
474 826.5726 649.9686 202.0000
475 707.6274 642.0078 375.1176
476 935.0000 569.1765 431.9882
477 782.1647 571.5176 403.9922
478 790.4588 726.0000 216.9922
479 794.0157 920.9882 307.2588
480 865.7372 769.9333 252.0000
481 877.3530 907.9961 303.9843
482 708.0000 714.5883 423.9412
483 669.9961 803.8431 429.0000
484 794.0000 734.0196 405.9961
485 738.4628 967.0000 339.9961
486 902.4392 126.9882 349.9922
487 1023.0000 132.0118 357.9765
488 983.0039 286.0196 365.9804
489 950.3137 544.0000 330.1333
490 1023.0078 507.9568 208.0039
491 982.0039 669.0157 334.0314
492 947.4902 781.0000 332.0392
493 1014.0236 732.9647 391.9882
494 1010.0000 902.0039 319.9373
495 32.0000 104.9961 560.1843
496 133.9765 17.0000 430.7686
497 56.0118 325.9922 478.0000
498 62.0588 485.4431 539.0000
499 91.9961 297.0000 691.5961
500 250.0000 221.0353 633.9922
501 212.0118 322.5137 566.0000
502 47.0314 650.9843 499.9725
503 181.3216 532.0000 485.0118
504 105.3137 518.4196 613.0000
505 236.3686 574.3451 639.0118
506 33.9961 683.1216 577.8392
507 48.9804 918.9922 448.9961
508 103.4980 864.8941 636.0980
509 113.1059 709.0588 549.0000
510 136.9843 1001.0157 583.9882
511 92.5098 949.0157 723.0000
512 300.0235 96.6392 528.1647
513 265.0000 171.7216 501.9882
514 316.0000 249.5333 544.0627
515 223.9412 392.9451 448.0000
516 423.7804 324.9922 511.0000
517 316.1530 433.1647 547.5608
518 456.9882 238.2784 593.8039
519 412.0118 436.0000 697.4549
520 223.9882 585.0000 552.7922
521 303.9961 557.0196 585.0667
522 432.3569 565.0000 480.0000
523 321.7961 615.4863 645.8275
524 381.0000 796.4628 525.2118
525 376.3451 686.2432 671.6392
526 266.3098 863.9882 582.9961
527 394.2196 734.3137 594.0275
528 325.0000 950.0078 557.9373
529 442.2039 107.9961 520.0000
530 475.3255 239.6628 411.2628
531 471.6353 21.9961 554.9843
532 647.0627 37.0000 517.0000
533 685.4471 180.9922 522.9843
534 513.0823 73.1922 686.3608
535 631.4588 126.2314 567.4000
536 634.3687 321.3922 542.2549
537 673.0000 450.3882 499.0784
538 554.5176 426.9843 646.9961
539 537.7529 536.9529 490.0000
540 658.9922 640.9882 527.7059
541 653.0000 642.9686 449.9765
542 518.0078 701.8157 533.0275
543 665.9922 918.6470 547.5255
544 497.0745 724.9922 611.0000
545 590.6627 901.0039 626.9216
546 589.0863 966.0784 570.0000
547 773.9647 66.8627 480.9843
548 679.0000 208.9647 428.0000
549 737.9686 7.0000 539.9020
550 778.0353 95.6431 622.0039
551 843.5333 150.3686 602.2275
552 677.3922 481.9882 583.9922
553 877.0000 256.3804 552.6863
554 819.0078 395.8863 606.8981
555 762.6588 260.5647 670.8941
556 761.2432 642.2784 583.6510
557 895.8588 606.4902 591.0823
558 715.0000 802.0157 546.9137
559 863.5922 799.9882 441.9608
560 738.9764 757.4510 618.9373
561 846.3255 713.4745 621.7177
562 774.3804 849.3098 591.3608
563 796.0118 1008.0039 568.0314
564 835.0000 942.4863 620.3059
565 904.0000 95.8824 572.6784
566 877.4902 187.9961 448.0235
567 891.0432 20.0000 528.9961
568 1023.0078 233.0196 461.0000
569 978.0000 65.0000 612.1843
570 900.2157 302.6000 479.9843
571 965.0118 440.0000 485.2000
572 994.0000 305.0784 479.9686
573 929.2863 347.0314 608.3333
574 1020.0078 377.0823 527.0000
575 1023.0000 499.9961 408.9529
576 1008.9177 490.6941 663.5215
577 927.0000 869.7451 414.9922
578 922.2353 704.2589 580.2706
579 915.8863 963.5059 592.2275
580 74.9608 37.3137 762.0118
581 105.9137 178.3922 762.3059
582 227.2314 94.8941 738.6784
583 259.0000 113.5294 842.0078
584 213.8667 2.0000 746.0000
585 75.1255 395.4706 750.0000
586 50.0039 446.9725 677.4588
587 240.4784 293.4941 683.0000
588 27.0000 658.0039 681.9922
589 213.8196 598.0902 720.1647
590 127.1333 600.7647 830.0039
591 56.9922 828.1843 712.4588
592 177.3137 666.3647 679.9020
593 226.3333 875.9843 698.0236
594 79.7529 677.3294 835.0000
595 2.0000 848.8392 837.7843
596 161.7333 772.3882 834.4274
597 230.6196 924.2706 767.0118
598 8.9961 956.9177 783.9961
599 179.4000 929.6588 834.0706
600 371.4196 28.9843 683.8902
601 379.5451 63.5059 769.9608
602 370.6823 189.0863 687.4980
603 343.8157 450.7804 839.0039
604 387.0000 282.0549 678.0078
605 400.5176 355.8824 720.0667
606 362.9137 492.4235 765.6510
607 353.4667 635.5412 777.0432
608 337.9020 775.2667 691.0000
609 299.0000 922.0000 713.0000
610 368.6157 718.0275 756.0000
611 355.3647 813.7765 773.3961
612 431.8353 775.5333 757.8118
613 356.0000 947.7647 640.9804
614 386.7333 949.2196 835.0000
615 460.2667 177.0039 709.3647
616 545.0745 2.0000 839.0941
617 663.0510 165.1451 767.1961
618 414.8157 108.7726 840.0118
619 509.7177 238.9216 665.6667
620 509.7765 445.0000 717.4902
621 540.4353 335.0039 644.0000
622 556.0000 294.2235 839.2628
623 573.0706 440.1647 779.6588
624 684.9529 413.0039 839.0039
625 630.6118 563.6078 837.0039
626 570.6706 621.7020 837.0000
627 499.6235 685.0039 700.8863
628 549.0000 865.0000 700.0000
629 560.4941 744.5137 681.4941
630 557.7568 702.6627 841.6745
631 633.9686 734.0196 835.0000
632 509.0432 959.9843 835.0039
633 597.6274 942.0000 787.0000
634 783.9686 172.0039 659.9882
635 850.9725 2.0000 692.0510
636 894.1098 196.1647 691.7961
637 770.3922 25.4745 840.9294
638 877.5255 99.0353 837.0000
639 724.9451 318.3922 735.5333
640 709.4235 385.0745 684.9529
641 871.6039 276.5529 725.2471
642 743.0432 352.3961 825.0000
643 879.6941 435.3843 756.0000
644 671.8784 510.9843 673.3255
645 789.6784 586.2667 711.9098
646 700.6784 514.4431 839.0039
647 680.0432 640.5372 831.0039
648 771.9412 633.0118 778.0078
649 727.4941 710.9961 778.8275
650 694.4471 752.5294 705.4902
651 876.5020 739.7255 710.9961
652 856.7020 935.8981 709.0471
653 812.1059 906.0000 837.0039
654 790.3687 989.0078 675.0549
655 800.3843 992.0078 833.1216
656 899.0039 140.0039 763.2275
657 984.8823 148.0000 750.5804
658 982.9922 214.9608 685.6510
659 943.9922 311.9098 840.0118
660 996.6745 565.9961 836.5255
661 907.7411 663.7059 673.9961
662 895.4431 836.7961 720.2863
663 982.6549 724.0039 769.0392
664 945.6549 983.0039 681.6784
665 999.9961 1000.9882 772.8275
666 196.9961 72.9765 1.9882
667 161.9922 201.8471 81.9961
668 214.9686 136.7137 255.9961
669 119.0157 24.9961 237.9961
670 2.0000 393.9765 1.9961
671 94.1686 501.0000 105.9961
672 200.5176 794.0000 85.0000
673 173.0000 874.6784 254.0000
674 373.0000 2.0000 153.9804
675 307.9882 454.0078 152.0000
676 380.2784 480.3020 113.0392
677 212.9725 559.0157 98.9843
678 248.9961 806.9882 1.9922
679 190.0588 784.0353 176.9922
680 239.8980 864.0039 170.0039
681 348.2471 745.0000 166.0000
682 239.0000 1006.0627 85.0000
683 416.9843 966.1451 93.0000
684 212.9882 985.0039 217.0706
685 532.0980 76.9882 30.9961
686 664.9882 1.9647 2.0000
687 646.9725 207.9647 2.0000
688 734.0941 129.0000 117.0000
689 530.9961 339.9882 103.9569
690 649.9961 325.9765 2.0000
691 532.6353 272.9804 170.9961
692 564.9961 440.0000 1.7961
693 657.6745 560.9059 2.0000
694 508.9882 570.8666 201.0000
695 685.9961 586.9098 176.9961
696 461.9804 716.0039 1.9961
697 667.0588 713.0039 171.7490
698 636.9882 956.0000 192.7647
699 784.0000 219.0196 133.0235
700 860.9843 30.0000 234.0784
701 714.8902 300.0000 108.9961
702 877.1647 451.7059 28.0039
703 899.0039 304.5373 157.9882
704 657.9961 462.0000 98.9961
705 719.0000 573.3530 98.9961
706 915.0236 578.9373 126.0118
707 743.8353 734.0000 124.0000
708 858.0000 681.3019 2.0000
709 926.0000 131.2667 262.9961
710 943.9177 225.0000 135.0078
711 852.9961 247.1216 89.0392
712 986.0000 535.9961 113.9804
713 1003.0078 921.0000 159.2078
714 913.0000 913.0078 1.9882
715 32.0000 235.9686 17.9882
716 196.1490 266.0039 1.9922
717 70.8510 581.9764 122.0000
718 92.0196 1008.0039 98.0275
719 367.9882 178.8745 1.9961
720 240.0078 536.0039 8.9765
721 442.9961 637.8275 2.0000
722 335.0078 844.0980 148.9843
723 545.0039 160.9333 85.0000
724 682.0078 65.3098 148.9961
725 592.9568 680.9922 158.9961
726 767.8863 598.0627 173.0000
727 837.0275 727.0000 104.9804
728 782.0000 889.0000 86.0235
729 762.0236 954.0078 149.9686
730 947.0039 132.9961 73.0000
731 1010.0039 148.9961 128.0471
732 901.0236 307.0039 1.9882
733 951.6824 457.3059 98.0039
734 917.0118 739.5372 63.0039
735 87.9725 170.9255 318.0039
736 171.0039 63.0392 366.0000
737 19.0000 328.7177 323.9922
738 160.9765 302.9686 306.0706
739 120.9647 459.8980 251.0000
740 124.0000 402.0000 392.0000
741 70.9961 519.0157 300.0000
742 107.9647 586.7961 233.0000
743 131.0000 692.0157 253.9843
744 129.0000 604.9843 325.9961
745 20.0000 657.2275 416.0784
746 160.9725 460.0078 340.9961
747 171.1255 708.3882 344.9843
748 23.9882 778.0078 222.0039
749 77.9961 867.9922 379.9608
750 181.0000 853.0314 341.9961
751 56.7490 1005.0000 277.9529
752 384.0000 125.6431 272.0000
753 305.7294 139.0000 409.9922
754 475.9882 76.0000 399.3216
755 302.9725 221.9843 374.9804
756 229.0000 224.0314 301.0000
757 347.0000 359.0196 134.9882
758 375.0000 258.0039 389.9922
759 457.9922 419.0000 256.0118
760 260.9294 444.0000 384.0000
761 407.0000 329.9843 425.9961
762 427.0000 409.0353 435.9882
763 361.9725 556.0039 211.9922
764 207.0000 652.1059 284.0000
765 268.0000 501.0000 449.8000
766 391.9765 720.0078 447.9568
767 252.4980 904.0000 286.1530
768 441.0000 786.8627 276.2823
769 319.6078 758.0510 459.0353
770 457.4471 880.0196 314.0000
771 386.9961 931.5726 285.0000
772 373.0902 999.0000 443.9961
773 530.0000 103.1608 335.0196
774 635.4824 107.9804 286.0000
775 709.2235 194.0196 192.0000
776 512.0275 1.9961 400.9647
777 549.0236 427.0000 213.0196
778 555.0314 340.0000 347.0039
779 573.0039 514.0039 290.9922
780 600.9882 582.9882 351.9961
781 646.6000 673.0000 318.9490
782 498.0000 830.8784 219.9765
783 610.0118 725.0000 244.0078
784 664.9137 796.0000 227.9412
785 529.0706 904.8549 355.2039
786 694.0000 2.0000 261.0510
787 873.0000 203.7490 352.0000
788 647.9922 98.1098 410.9961
789 746.6039 221.5765 483.5725
790 839.5372 121.2314 498.9098
791 718.9961 260.7451 261.9961
792 757.0000 444.7569 287.9922
793 741.0078 266.7726 403.9961
794 671.0000 446.3372 405.9843
795 906.0510 460.6745 322.9922
796 784.9725 638.0000 339.9608
797 723.9764 511.0118 389.9804
798 792.9882 652.9725 433.0000
799 857.0000 534.4353 420.0157
800 775.9764 757.9882 288.0000
801 854.7568 775.8981 335.0039
802 781.9961 821.0706 428.9725
803 835.0078 896.9961 391.9922
804 774.0157 996.0078 243.9961
805 744.0000 943.0196 431.9882
806 810.0000 991.0000 393.7333
807 961.0000 206.9451 300.9922
808 1009.0078 82.9490 281.9961
809 964.0196 100.9804 427.0157
810 835.0157 1.9961 468.9882
811 1012.0000 20.0275 399.9961
812 996.0039 361.6118 310.0157
813 894.9961 634.9764 375.0157
814 1006.0000 593.0157 379.9922
815 935.4039 480.7490 405.9961
816 1007.0157 796.0000 205.0627
817 922.9843 840.2275 259.0000
818 936.1137 759.9804 430.9961
819 906.3098 852.0196 364.0000
820 1019.0039 822.0000 300.0432
821 954.9725 930.0039 263.8549
822 891.0000 1007.0353 385.0000
823 1023.0000 892.0196 423.4667
824 122.0000 97.1137 573.0000
825 177.0353 200.9882 489.0000
826 177.0667 2.0000 581.9764
827 180.1647 122.0039 641.9451
828 33.9765 269.0039 541.9804
829 54.8471 403.7882 504.4980
830 152.0000 266.8588 543.1530
831 135.1137 335.0000 456.9804
832 81.8588 422.6471 598.9686
833 217.0000 464.0000 675.0000
834 85.6941 572.4353 526.9961
835 251.1098 494.0118 540.9568
836 132.9882 642.0157 493.3059
837 137.1216 815.1725 556.0000
838 74.5333 876.4314 556.9922
839 201.2863 873.0745 519.7216
840 243.0157 658.0039 629.6000
841 91.0000 951.0078 516.1569
842 180.0039 969.0000 514.0078
843 165.0000 938.0157 665.7255
844 245.0235 148.0039 588.0118
845 396.0157 32.9961 388.0000
846 306.0314 32.0000 606.0314
847 344.6078 327.3451 515.0000
848 387.9922 290.1294 591.9686
849 434.6510 440.2549 581.1019
850 330.9882 535.0118 504.1843
851 304.6314 637.1059 559.8666
852 349.0000 706.9725 526.8353
853 457.9882 843.9804 458.9608
854 304.8549 721.4628 632.1451
855 328.0392 793.0039 599.9922
856 418.7451 909.9882 592.0000
857 256.4941 1009.0000 540.1882
858 419.1333 1022.0078 526.0000
859 523.6981 121.4078 556.7137
860 460.7372 210.0235 507.2588
861 693.1961 102.0039 486.3726
862 606.9843 212.9961 530.5569
863 625.3843 130.7882 691.8079
864 458.0588 491.1961 447.9725
865 664.6549 260.0196 605.7568
866 597.0471 464.9922 443.0078
867 494.9608 311.3569 570.0000
868 462.2235 312.1725 670.0000
869 689.4902 396.0196 586.0157
870 553.4196 571.0000 568.0000
871 594.2706 501.6667 618.8549
872 596.9137 780.1373 540.9882
873 588.0863 892.9882 550.9922
874 586.5294 713.2314 598.0039
875 673.5098 847.9804 603.3804
876 484.9961 960.2000 519.9882
877 567.8510 946.3922 700.4510
878 736.4667 148.5294 421.4980
879 696.2980 133.6118 639.9059
880 827.9882 83.2431 702.1451
881 904.6549 7.9725 619.0000
882 788.1882 270.3020 569.8863
883 710.2078 282.0039 532.9098
884 826.9216 460.4000 454.8588
885 888.6902 421.0196 549.6470
886 788.6392 601.0000 511.9294
887 742.2667 511.6667 535.0000
888 932.5059 767.4000 514.5843
889 658.7804 679.8784 667.0078
890 823.0000 861.0000 667.0000
891 877.9608 794.6274 636.6549
892 872.7294 890.0275 564.3726
893 787.0118 996.9725 488.9882
894 899.9961 177.0000 539.4000
895 941.7922 172.0431 614.0000
896 1023.0039 160.0118 592.1490
897 1008.0118 359.9608 399.0353
898 857.5922 313.8235 633.0000
899 948.2196 596.0941 521.0078
900 1023.0039 639.0157 496.0000
901 1007.0000 761.9804 568.1255
902 885.0627 941.0000 449.0000
903 1023.0039 983.0039 461.9020
904 1023.0078 957.0745 695.9804
905 27.9961 126.0667 760.0078
906 240.9373 213.4078 711.0000
907 159.0118 1.9804 668.0000
908 105.1961 316.4902 837.0000
909 64.4941 607.0941 758.2471
910 161.0000 550.0000 673.8431
911 72.1961 732.7922 772.2196
912 21.0000 905.0157 704.0275
913 176.9882 736.6706 623.8314
914 266.6314 139.3333 676.3333
915 320.0000 200.0000 757.0000
916 427.6980 93.0000 701.0980
917 328.2667 2.0000 751.0000
918 312.6196 280.9961 722.0000
919 462.8902 454.1373 838.0000
920 395.3137 608.0980 705.4745
921 290.9961 662.9804 711.9725
922 286.7333 737.8314 763.9764
923 440.0471 742.8275 677.9490
924 412.9843 820.0667 609.0000
925 484.0000 113.0000 764.0000
926 461.0118 302.7765 762.0000
927 591.8470 215.6235 765.9412
928 636.9843 426.7765 673.9294
929 568.4078 507.8235 715.8000
930 517.4353 740.3373 761.2902
931 716.8039 30.9961 770.0196
932 830.6981 288.1882 841.0000
933 789.7961 346.0000 672.9725
934 642.8157 538.1882 757.3726
935 840.6431 505.9725 715.6941
936 754.2667 691.3412 695.2078
937 822.0706 874.3216 771.9804
938 914.1569 10.0157 842.4117
939 949.6353 166.5098 830.0784
940 1003.0353 15.0118 842.9882
941 880.9098 364.5216 705.2863
942 961.5804 454.9216 742.8275
943 1023.0000 351.9529 842.9568
944 1023.0000 597.0275 762.0000
945 915.5686 706.5020 834.0000
946 950.7216 843.4431 788.2863
947 27.9059 200.9922 123.0000
948 92.0039 288.1059 1.9961
949 4.9922 449.0000 194.9765
950 244.9922 343.3333 199.0000
951 131.0078 647.1530 176.9922
952 166.6274 567.0000 160.9765
953 166.0000 701.9882 103.9804
954 91.0000 928.9804 138.0157
955 2.0000 896.6706 1.9804
956 164.0000 1018.0039 1.9529
957 301.9686 285.9961 36.0039
958 435.0000 427.2628 2.0000
959 422.9882 686.4863 152.0000
960 352.6784 664.0039 205.9843
961 426.0000 489.9765 202.0000
962 400.0353 818.0039 1.9961
963 302.0078 809.9137 287.0039
964 364.9647 936.9843 1.9922
965 474.0275 215.0078 2.0000
966 682.0000 67.0353 50.9765
967 661.7529 373.9804 112.0000
968 549.0784 557.0000 101.0039
969 533.0000 782.9568 159.4902
970 781.9333 127.0078 1.9922
971 787.0000 182.9804 229.4039
972 747.9451 386.9804 113.9961
973 868.1765 371.8000 103.9961
974 733.0275 490.0118 80.9882
975 732.0078 614.0039 6.9255
976 749.9961 804.0118 78.0000
977 644.0078 828.9568 2.0000
978 669.9412 1023.0000 1.9961
979 907.0196 211.9922 1.9961
980 984.9961 262.4235 12.9961
981 1000.0078 383.7804 120.0039
982 900.0314 405.9882 170.0196
983 913.0039 606.2510 1.9961
984 1015.0078 608.0000 2.0000
985 938.1294 508.0000 190.9922
986 968.9882 722.5686 169.0000
987 121.0627 21.0000 154.9843
988 202.9686 281.0039 92.9843
989 84.0314 429.9647 2.0000
990 138.9961 607.1098 88.0000
991 74.7098 856.0118 100.0000
992 223.0118 960.8745 1.9961
993 364.0000 73.9725 109.9843
994 409.9490 265.9882 29.9686
995 267.0980 336.7333 114.0000
996 450.0000 441.0118 122.9647
997 294.2549 505.9961 82.0000
998 264.0039 537.2745 146.0000
999 262.9961 724.5451 1.9922
1000 278.4275 770.9961 194.0000
1001 501.0078 46.0000 124.4549
1002 645.9608 145.0078 109.0039
1003 579.0196 348.8196 280.0000
1004 597.0039 351.1569 169.9961
1005 512.9725 388.9725 1.9882
1006 748.9882 52.8706 2.0000
1007 839.0000 455.0118 192.9412
1008 685.9804 502.9922 205.9843
1009 869.9882 652.9568 112.0275
1010 831.0078 811.0706 64.0039
1011 981.9882 173.9961 1.9961
1012 888.0000 104.0196 182.5176
1013 974.0118 807.0980 25.9922
1014 854.0157 926.0196 122.0000
1015 966.0000 1023.0117 118.0667
1016 139.0000 114.0667 292.9568
1017 130.9922 246.0039 241.0902
1018 7.0000 129.0196 312.9608
1019 2.0000 197.0314 504.9568
1020 138.9686 143.0000 420.9961
1021 225.0078 191.7098 419.9922
1022 8.9961 329.3177 209.0118
1023 30.9922 253.9922 431.0235
1024 10.0000 475.9373 464.9961
1025 185.0275 344.0000 382.2588
1026 22.9882 591.1098 284.0000
1027 232.0039 477.2549 291.0196
1028 186.9098 711.0000 184.2274
1029 69.0000 467.1608 392.8039
1030 232.0118 584.9882 443.9882
1031 2.0000 828.9804 414.5176
1032 102.0000 904.0000 300.2039
1033 147.5490 784.9961 308.9961
1034 127.9686 953.0000 230.5059
1035 298.6274 95.0000 252.0039
1036 347.2745 194.0078 230.0000
1037 220.0000 2.0000 407.0510
1038 198.4392 115.4471 509.9922
1039 406.0314 105.9961 442.9882
1040 329.2941 359.2431 234.9961
1041 240.8235 314.0000 290.0000
1042 405.7098 323.9843 325.0039
1043 366.8078 538.9922 296.0000
1044 283.9568 592.0039 245.9922
1045 312.7686 613.2078 458.0000
1046 410.9961 881.1647 395.9961
1047 307.0118 957.0000 196.2235
1048 287.9961 1023.0039 380.2823
1049 492.8824 196.9647 190.0000
1050 726.4157 139.5569 303.0000
1051 598.0196 271.7412 224.9922
1052 595.9804 210.9922 424.9843
1053 518.9843 2.0000 504.0510
1054 650.0039 2.0000 337.9098
1055 483.0000 325.0118 392.1843
1056 615.4000 403.0000 358.7608
1057 565.9804 601.9922 250.0314
1058 617.0275 443.0118 184.9882
1059 513.7765 568.7451 318.7372
1060 594.0118 647.9647 408.0196
1061 611.0000 562.0039 438.9294
1062 535.0000 749.0196 234.0196
1063 615.0196 902.0627 350.0000
1064 507.9961 697.1019 406.9882
1065 438.9529 997.0000 287.9922
1066 525.9764 948.3216 440.0000
1067 652.5843 995.0000 393.9843
1068 821.9961 108.9961 237.7216
1069 783.9843 1.9843 318.9961
1070 810.4471 151.0706 323.0000
1071 708.0000 359.2000 185.9490
1072 821.0039 308.8039 278.0078
1073 819.0000 270.0000 362.9961
1074 852.0157 389.6628 300.8078
1075 685.9843 584.0000 321.2353
1076 909.2353 625.0706 291.0000
1077 691.7294 525.6157 462.0000
1078 809.0000 492.0000 362.9843
1079 868.2628 600.4392 483.1137
1080 728.3373 790.0000 362.3686
1081 827.3412 851.0392 244.0000
1082 754.6667 761.0000 483.9804
1083 725.8941 876.9961 386.7333
1084 833.1804 997.0118 309.9961
1085 929.9922 50.0549 298.0000
1086 982.0118 180.7490 211.9961
1087 1023.0078 1.9882 318.9765
1088 1023.0000 222.9922 349.9020
1089 926.8118 368.5020 365.9961
1090 1023.0000 354.0941 227.0000
1091 1023.0000 421.9882 437.1608
1092 1023.0078 521.0000 328.0000
1093 1002.9922 530.0078 486.0000
1094 943.3530 856.1882 187.0000
1095 1023.0000 741.9922 300.5804
1096 957.9922 949.0510 401.0078
1097 16.0000 60.9961 610.9961
1098 93.3922 121.1098 694.6000
1099 268.0000 327.9922 495.9686
1100 175.9922 460.0039 436.8627
1101 113.0000 246.3059 617.9490
1102 32.0000 294.0118 623.2196
1103 163.9882 462.0275 612.0157
1104 25.0000 577.0980 454.9098
1105 163.9882 517.0000 538.2392
1106 19.0000 498.0745 615.5647
1107 109.6588 615.9922 682.3333
1108 3.0000 725.0039 497.1098
1109 148.0039 833.1725 466.9922
1110 172.7137 752.8470 502.0000
1111 99.1333 780.0000 626.0000
1112 213.0275 1023.0000 440.0118
1113 386.0118 41.9686 528.9882
1114 372.8196 118.3843 572.0000
1115 408.6823 2.0000 608.9843
1116 382.9961 256.0275 481.3372
1117 381.9882 375.9961 575.8627
1118 311.0314 278.0039 633.9764
1119 348.8824 445.5255 632.8863
1120 377.1961 514.0000 585.0000
1121 463.9922 618.0471 557.0000
1122 332.6902 535.9882 688.9764
1123 288.0471 805.0000 523.9451
1124 466.0275 795.0078 543.9843
1125 395.9843 934.0078 512.9922
1126 327.9804 868.3530 649.3294
1127 450.7490 656.8157 642.9804
1128 270.9294 962.0039 630.0000
1129 569.0078 101.9961 628.0275
1130 500.0627 1.9961 630.9961
1131 596.8314 46.1882 694.5215
1132 497.3529 289.0039 485.0000
1133 600.9961 412.7137 527.9961
1134 528.0353 206.0078 567.9843
1135 475.3843 398.0039 650.7451
1136 592.3765 360.6235 707.6157
1137 548.0000 625.0784 496.9020
1138 519.4980 552.0353 656.9961
1139 530.1569 644.5176 609.8118
1140 615.0549 632.9804 605.9255
1141 537.9961 833.9922 496.0078
1142 484.4392 862.5726 636.9647
1143 692.4785 688.3961 587.0157
1144 618.0196 814.9804 675.0196
1145 547.0118 1020.0039 495.0471
1146 508.4510 941.5255 604.0823
1147 814.0000 198.5490 532.1765
1148 822.6313 261.7137 463.0000
1149 745.1647 113.4314 713.9961
1150 769.7333 352.0000 549.4941
1151 839.0432 230.2039 631.0000
1152 689.0667 577.3333 584.4039
1153 821.4117 524.2353 510.0823
1154 768.7255 557.5176 605.6941
1155 738.0000 677.4274 502.9059
1156 829.8549 792.3608 566.0000
1157 735.2784 823.5137 671.6157
1158 817.9608 143.9137 406.7647
1159 951.9843 212.9882 484.0078
1160 944.0314 445.4196 618.1569
1161 910.9843 521.1961 584.0000
1162 940.4824 823.9764 584.0000
1163 1016.0039 842.0000 511.6157
1164 961.1412 758.1686 642.7529
1165 3.0000 61.8353 707.0196
1166 107.5373 35.9961 840.0157
1167 185.6863 161.7137 771.0000
1168 132.9922 337.9961 761.9882
1169 154.9020 425.1608 770.0078
1170 20.4235 533.1019 773.7059
1171 213.4235 538.2235 804.3490
1172 128.2000 737.9725 703.3451
1173 79.6275 871.7451 782.0236
1174 166.8745 979.3490 756.0000
1175 219.0000 196.9843 841.0392
1176 389.9961 145.0039 769.0667
1177 216.9020 315.3020 752.0000
1178 407.3333 233.2706 755.9529
1179 355.6784 398.5882 775.1294
1180 254.7843 528.5726 722.9177
1181 339.3412 574.9216 838.0000
1182 195.4196 745.0039 762.4314
1183 431.8706 815.6118 834.0000
1184 373.7216 900.8000 768.7922
1185 401.6353 194.2863 838.0078
1186 631.5451 84.4157 772.5215
1187 540.0196 283.9725 734.8039
1188 450.0627 407.9568 774.7882
1189 676.7177 251.0118 751.5372
1190 656.4941 452.4902 759.4902
1191 465.5255 486.5686 648.8353
1192 527.5412 634.5215 765.4745
1193 597.6196 773.7372 760.1490
1194 616.7529 856.5294 762.1216
1195 652.4392 1003.0000 834.7882
1196 746.4510 117.4863 833.0000
1197 803.2118 8.9647 763.2745
1198 835.8079 200.6941 755.3882
1199 801.6274 362.1804 761.1882
1200 791.5490 272.0157 767.0000
1201 728.7961 551.8588 764.3373
1202 847.0000 546.1294 639.1530
1203 684.7451 787.1137 792.2392
1204 913.4785 679.4549 766.9568
1205 801.7961 739.3804 754.3098
1206 879.4785 953.3373 834.0000
1207 894.0000 227.6353 840.0000
1208 1023.0039 1.9961 638.5255
1209 958.9490 364.9725 768.5215
1210 893.0432 429.9608 834.0000
1211 970.9882 795.0196 721.4117
1212 972.6824 881.4902 711.7608
1213 1023.0000 709.6039 824.9804
1214 14.0000 181.9059 238.9961
1215 49.1608 302.0078 144.9961
1216 137.5373 485.9686 179.0000
1217 139.5569 859.4785 172.0000
1218 23.0000 939.9804 77.3294
1219 209.6745 879.9255 1.9961
1220 188.9255 949.0000 155.9961
1221 377.9882 368.0000 1.9765
1222 332.9686 542.9882 1.9961
1223 301.0000 668.9882 8.9804
1224 297.0000 616.9725 167.0000
1225 445.0039 537.0196 125.4510
1226 293.2549 992.0314 24.0000
1227 565.9686 207.0000 1.9961
1228 559.0000 1.9725 2.0000
1229 517.0157 122.9725 147.0039
1230 597.0510 268.0000 124.9961
1231 572.9882 303.9882 1.9882
1232 636.8000 489.0039 2.0000
1233 467.9961 358.0000 158.7451
1234 621.0118 638.9451 2.0000
1235 511.0039 646.0078 155.9922
1236 647.0078 644.1334 234.0000
1237 613.0000 777.9922 145.0000
1238 755.7804 34.0039 82.0000
1239 872.0000 155.7177 97.9922
1240 671.8981 283.0432 170.0039
1241 699.9059 429.9961 2.0000
1242 701.0196 665.0236 87.0078
1243 916.0000 528.3490 39.0157
1244 840.9804 547.9882 201.9529
1245 697.3882 813.3412 142.9843
1246 828.0039 958.5176 1.9922
1247 1014.0000 594.9333 64.8784
1248 13.9843 86.9804 1.9843
1249 152.0078 1.9922 56.5373
1250 112.0118 381.9843 159.0000
1251 169.9961 508.9961 60.8196
1252 204.0039 622.0667 9.0078
1253 316.7216 154.0118 146.0000
1254 420.8510 37.9961 206.9961
1255 299.2823 416.8275 83.0000
1256 378.9647 633.0078 95.9843
1257 350.8275 856.0000 32.0000
1258 404.9804 789.0000 91.9843
1259 364.0000 1023.0039 237.3726
1260 480.9804 135.9922 2.0000
1261 485.0000 802.9686 2.0000
1262 590.9922 803.8039 31.0000
1263 774.7608 713.9922 15.0000
1264 712.0627 858.0000 1.9882
1265 812.9059 763.9922 179.0000
1266 791.9725 880.0039 1.9843
1267 926.0118 633.9882 202.9882
1268 968.9961 949.0549 68.0039
1269 262.9882 193.0784 210.2118
1270 84.4471 316.4824 262.4039
1271 86.0353 323.1294 374.9961
1272 1.9961 484.0000 337.9647
1273 267.1490 706.8941 326.0000
1274 124.9961 527.6313 372.9373
1275 102.0000 693.0039 395.9725
1276 1.9922 787.0000 329.9765
1277 14.9961 932.0745 253.9961
1278 258.0275 855.8863 382.0000
1279 18.0000 740.1765 406.0000
1280 153.0392 900.2510 405.9961
1281 152.0078 1023.0000 273.8863
1282 370.9882 241.9765 305.9961
1283 304.0039 396.9373 298.0078
1284 408.1882 473.9961 371.2784
1285 369.5529 550.0667 388.9961
1286 402.6667 692.7451 275.7726
1287 377.0000 769.4628 337.9725
1288 240.9882 995.0039 308.9922
1289 309.9922 1023.0000 470.9843
1290 431.0157 197.0196 278.9725
1291 618.7255 117.0000 200.9922
1292 631.0000 168.0314 356.9922
1293 521.2863 172.1255 386.0000
1294 635.0039 313.0000 371.0157
1295 619.8666 446.2863 279.9922
1296 569.0627 294.0000 431.0000
1297 503.9137 493.6706 247.9922
1298 562.9647 658.9764 325.0000
1299 516.0039 810.4667 327.0000
1300 566.0000 888.3451 180.0000
1301 524.0353 831.9922 407.9922
1302 528.0039 1013.0039 288.0118
1303 754.0314 62.9961 290.9765
1304 869.6510 192.0275 274.0000
1305 842.1961 70.9686 325.0000
1306 755.9922 358.0510 267.9961
1307 746.3530 440.9961 175.8118
1308 774.6353 433.3451 523.0196
1309 828.8941 340.4627 406.6667
1310 830.3216 476.1451 284.0000
1311 833.3490 688.3530 284.0000
1312 739.0275 857.5098 279.9882
1313 730.9922 1023.0000 408.9882
1314 861.9961 1023.0000 465.7177
1315 1023.0000 163.0784 273.9725
1316 897.4157 150.0039 439.9804
1317 949.9843 288.3451 270.9961
1318 915.1255 259.9922 408.1333
1319 968.0078 485.0039 273.8392
1320 906.5451 501.9216 494.9961
1321 979.0392 1003.0039 219.9961
1322 149.0235 39.9961 507.0196
1323 26.0000 179.1059 609.4863
1324 5.7686 17.9608 525.0000
1325 154.8902 190.8000 686.7020
1326 1.9961 350.0000 555.9647
1327 39.9922 360.2039 680.9922
1328 164.4980 382.8314 598.1804
1329 134.9961 467.3647 690.9098
1330 2.0000 547.9882 539.9412
1331 184.7294 666.9922 563.9961
1332 219.4745 787.0000 571.5137
1333 16.0000 825.9059 625.9961
1334 183.7098 801.4157 691.6392
1335 390.9882 201.9922 552.0000
1336 296.9922 84.0078 602.0627
1337 265.4353 420.5098 619.0000
1338 394.8824 468.3922 504.9412
1339 201.0510 231.0000 614.9882
1340 299.7020 437.3098 706.0000
1341 387.0039 635.6706 495.0235
1342 412.0000 524.0000 704.3804
1343 288.0078 895.0980 500.7137
1344 384.0000 646.1530 588.4353
1345 398.1530 833.8196 695.2941
1346 496.4627 147.9961 634.8706
1347 517.0000 472.9725 573.5490
1348 695.9255 367.9961 501.9255
1349 610.0000 372.0000 607.8745
1350 603.1647 701.4980 494.9922
1351 608.6588 499.9922 529.9529
1352 575.0078 654.4078 685.2941
1353 644.0039 844.9725 501.9177
1354 712.8981 982.0039 559.0039
1355 703.9725 986.0039 673.9333
1356 852.9804 51.9961 443.0000
1357 729.8000 202.1059 597.0941
1358 854.6510 337.3529 548.5176
1359 743.7177 447.7216 629.7294
1360 827.0118 629.9725 641.9882
1361 842.7333 659.0392 549.4902
1362 775.9098 923.0549 543.9412
1363 914.6000 849.1098 498.7451
1364 1012.0667 386.7294 610.0000
1365 974.0902 636.9961 603.9373
1366 29.1059 323.0667 757.0706
1367 163.7765 309.0039 647.2078
1368 137.0745 547.0863 761.7020
1369 10.0000 678.9843 755.9647
1370 373.0000 307.0000 785.0000
1371 199.3490 385.6784 707.1137
1372 290.4549 508.5686 801.1961
1373 274.4902 822.0000 749.0000
1374 597.3726 366.9373 824.0588
1375 616.2980 620.0432 767.9608
1376 526.9490 824.5059 785.5922
1377 655.4980 965.9961 750.4863
1378 204.0157 35.9843 133.9961
1379 39.9804 27.9882 123.9961
1380 45.0000 125.0039 188.7843
1381 130.9961 316.0000 113.9333
1382 196.9725 276.0627 164.0000
1383 191.0157 413.8000 179.6980
1384 61.0078 568.0157 41.0000
1385 38.0353 738.0000 51.9333
1386 130.0000 853.0039 24.0000
1387 295.0039 68.0235 22.9765
1388 416.2588 132.9725 139.0000
1389 359.8745 354.0078 54.0000
1390 372.4980 280.0000 137.9961
1391 400.2588 396.1569 186.2745
1392 410.4941 549.5176 41.9922
1393 431.8941 611.6981 195.0000
1394 377.4980 717.1412 54.9725
1395 262.0471 929.9961 45.0000
1396 390.9647 81.0000 19.9922
1397 504.0118 56.3451 214.9961
1398 381.5529 183.9333 195.0000
1399 625.0000 201.9804 181.9882
1400 641.0118 310.9137 53.9922
1401 460.0078 289.9843 115.5961
1402 557.9804 486.9961 44.9922
1403 461.9765 719.0196 76.9686
1404 615.1882 720.0039 27.0000
1405 618.8902 918.0000 41.9961
1406 789.5490 449.3333 30.0000
1407 611.9882 864.0118 112.9843
1408 846.5922 848.0980 157.1294
1409 893.8118 989.0039 55.9922
1410 910.8863 45.4745 62.0118
1411 924.9882 204.0078 53.9804
1412 993.0039 299.8588 134.0118
1413 973.0000 406.5529 35.9922
1414 995.0000 589.0039 163.9725
1415 12.0000 436.0000 117.9961
1416 31.9961 647.8588 147.0471
1417 245.9098 725.9137 60.0000
1418 588.0432 15.0000 42.9490
1419 632.9725 217.9843 53.5216
1420 488.9961 314.0471 42.0000
1421 588.0392 414.9137 98.9961
1422 555.3804 634.9020 68.0000
1423 899.5569 7.0000 156.1647
1424 751.0157 287.5137 184.0000
1425 828.0000 572.9647 110.9647
1426 680.0000 1000.9647 73.9843
1427 913.6235 612.0118 54.0000
1428 897.9922 825.0236 29.9961
1429 927.9725 967.9020 146.0000
1430 167.4196 236.0000 362.0000
1431 17.9882 240.2549 296.0000
1432 167.0157 765.0000 407.5804
1433 111.1765 979.0078 343.9373
1434 412.9804 42.9961 293.0000
1435 299.9961 249.1804 258.0078
1436 409.3294 407.1451 305.1333
1437 279.8275 543.9568 319.5176
1438 403.6902 609.0000 311.9961
1439 404.9804 802.0000 195.9686
1440 338.0039 690.8745 377.7177
1441 389.0549 798.4000 413.6078
1442 511.6824 345.0000 206.4667
1443 638.0236 265.4784 299.9294
1444 541.0000 393.0000 426.0000
1445 490.9961 719.2314 315.5333
1446 978.2353 1009.0000 286.9686
1447 48.9961 587.9922 620.8235
1448 100.0039 690.0000 630.3530
1449 190.0824 857.9764 621.0000
1450 246.9804 729.0000 469.9451
1451 291.7294 990.0078 467.0000
1452 626.9882 595.0039 526.1490
1453 856.9961 734.0667 501.0039
1454 51.0078 101.6314 839.0078
1455 142.9961 155.3098 836.0000
1456 34.9765 473.0549 833.0039
1457 71.6902 211.0078 839.0471
1458 105.8745 428.9922 833.0000
1459 21.0000 619.0000 836.3412
1460 123.9922 514.9922 834.0118
1461 232.9922 608.0549 838.0000
1462 174.2549 851.7411 807.4039
1463 80.9216 790.9255 836.0000
1464 169.8471 689.7059 831.0000
1465 276.3843 43.9843 791.0000
1466 337.3922 74.4392 841.0039
1467 321.7333 166.9804 838.0000
1468 248.9882 314.4902 835.0078
1469 188.9333 460.2588 837.0000
1470 329.0078 255.0000 849.9922
1471 395.0980 511.1334 839.0000
1472 277.0000 691.0000 834.0510
1473 331.1647 856.0000 845.9882
1474 485.9843 732.0000 835.0236
1475 276.0000 943.0000 844.9843
1476 591.0000 67.8000 842.0627
1477 527.9725 400.0627 835.0000
1478 639.0000 237.8667 839.0196
1479 497.8824 562.9686 834.0000
1480 548.0902 882.4431 832.0000
1481 456.0235 897.4078 831.0039
1482 655.8431 863.1961 835.0039
1483 677.1019 68.8824 843.0157
1484 704.3490 189.7529 839.0000
1485 784.0157 196.9961 838.0118
1486 744.9725 267.9961 841.0000
1487 833.0039 488.0000 839.0039
1488 770.7059 570.9686 834.0039
1489 753.0000 856.2667 836.0000
1490 821.5608 818.9608 836.0236
1491 726.7333 957.9961 831.0039
1492 971.0000 250.9961 833.0078
1493 903.9529 564.3804 830.0000
1494 962.7961 766.0078 834.0039
1495 885.6078 872.9922 836.0000
1496 128.9961 125.5529 19.9922
1497 23.9137 390.0000 147.0314
1498 23.0000 502.3490 20.0000
1499 32.0000 634.0000 19.9843
1500 166.0118 451.0353 2.0000
1501 4.9961 584.0000 193.8941
1502 115.0118 767.9843 21.0000
1503 293.9568 392.9961 15.0000
1504 381.0000 687.8470 2.0000
1505 635.0000 18.0000 104.9098
1506 639.9608 2.0000 200.9961
1507 626.9922 392.9922 23.0000
1508 536.0157 469.0078 138.9961
1509 637.3333 536.0078 123.0039
1510 533.0392 750.0314 20.9961
1511 538.2353 913.0275 17.0000
1512 524.9216 851.2392 105.0000
1513 501.2000 975.0353 158.0000
1514 781.0784 126.9922 61.0000
1515 817.9647 18.9882 160.0000
1516 835.0902 288.0432 20.0000
1517 775.9961 1022.0196 9.9804
1518 836.0392 986.0000 178.9686
1519 989.0000 1013.0000 169.0431
1520 41.0000 12.4980 21.0471
1521 167.0000 108.6039 102.9922
1522 35.0000 823.9647 20.9843
1523 66.0314 976.6706 21.0000
1524 321.0039 791.2980 20.0000
1525 431.0314 960.9961 9.9725
1526 697.0353 107.9922 24.9961
1527 510.8078 699.0236 156.0078
1528 834.9490 35.9882 20.0000
1529 807.0078 136.9882 160.9922
1530 654.0000 872.7451 181.9451
1531 912.0078 301.0157 87.0000
1532 1023.0000 332.3569 48.0000
1533 1.9961 325.9412 419.9961
1534 2.0000 414.0039 394.8431
1535 7.9961 860.0000 261.9686
1536 381.9922 843.0078 281.0392
1537 270.0196 1023.0156 242.0196
1538 16.9922 843.0078 498.0275
1539 586.0000 897.9961 498.0235
1540 1023.0078 45.0000 546.1451
1541 2.0000 249.0471 697.4078
1542 2.9804 443.0078 768.9882
1543 2.0000 796.0000 773.9137
1544 603.0039 566.0000 670.2196
1545 746.9882 128.0235 770.0275
1546 835.0275 623.4274 836.0000
1547 184.9529 66.0000 849.9961
1548 141.0000 243.9255 854.0000
1549 43.0118 367.0980 830.0000
1550 164.0039 367.0392 849.0000
1551 244.0078 402.7726 846.0000
1552 406.1647 19.9804 850.9961
1553 317.4275 358.9647 833.0039
1554 517.8275 86.9765 851.0000
1555 486.0000 161.8980 847.0000
1556 553.7490 215.9765 851.0000
1557 631.9568 151.9961 855.0000
1558 670.5647 312.0000 835.0000
1559 825.2196 377.0353 835.0000
1560 954.7294 490.9961 844.0000
1561 629.0000 479.0000 836.0196
1562 537.0118 483.0000 834.0078
1563 967.0823 646.0823 843.0000
1564 811.0549 708.9961 828.0039
1565 752.0039 770.9529 828.0078
1566 960.0078 947.9961 834.1059
1567 493.8157 650.9961 844.0000
1568 407.0000 620.0039 834.0236
1569 401.6314 713.9922 834.0039
1570 249.5333 760.9961 828.0118
1571 435.0000 162.3882 620.0000
1572 1000.0039 305.9961 629.0000
1573 720.0000 915.7882 610.0078
1574 833.8039 662.4353 718.0000
1575 166.0039 236.0431 738.0039
1576 747.0039 427.9608 431.0314
1577 111.3020 282.0039 499.0000
1578 319.9922 1010.0078 692.9882
1579 493.0000 936.0118 80.9216
1580 44.9725 772.0236 121.0157
1581 712.9373 651.9568 149.0000
1582 170.0078 188.0235 185.9765
1583 774.9882 435.0078 841.0118
1584 22.9922 292.6000 842.9843
1585 472.9177 117.0118 301.0000
1586 259.9922 819.0236 851.9961
1587 478.3647 332.0000 839.1921
