1228 1.02359e+06
686 874976
1006 748403
666 1.26367e+06
1248 1.33436e+06
395 810216
970 495030
1260 825368
1011 979823
719 1.44788e+06
40 981525
1227 657985
687 649553
979 548099
4 805808
965 769690
716 1.19042e+06
948 989799
1231 769364
732 628668
690 890561
1221 703004
43 895944
1005 785978
670 1.16558e+06
958 951774
989 781127
1241 894962
692 618680
1500 571806
380 744748
21 631232
1232 620730
45 637326
6 756431
47 1.04005e+06
1222 852206
693 732138
983 638543
984 808321
721 804286
1234 839212
8 808502
708 846098
1504 645003
58 996891
399 579266
13 696097
696 660608
999 521308
409 603937
38 638412
1261 727618
678 688333
962 665835
401 657875
977 708912
1264 848524
1219 653925
1266 686024
26 553001
955 970541
714 923628
964 760626
1246 840285
992 634296
956 1.07353e+06
978 1.38834e+06
31 813520
34 1.09568e+06
975 930895
720 725590
1252 869331
1223 735812
55 1.08721e+06
1525 1.58543e+06
1517 983266
980 958440
51 1.93087e+06
1503 712420
1263 860760
715 1.71219e+06
61 1.37692e+06
1511 1.26268e+06
1520 1.43268e+06
1528 1.2587e+06
1396 1.59882e+06
1496 1.04841e+06
1516 1.11833e+06
1498 1.09449e+06
1499 1.38399e+06
1510 685418
1502 926153
1524 584419
1522 1.16489e+06
1523 1.63784e+06
1387 1.78803e+06
396 700308
1507 651013
388 743418
1386 913291
1226 1.19359e+06
1526 596706
1013 1.05176e+06
368 955512
702 859434
1404 726288
994 989243
1406 907038
1428 616649
685 853458
1262 767596
1257 641718
957 1.3029e+06
1413 1.12444e+06
1243 704312
1384 674237
1418 666585
1420 721941
1392 871419
1405 1.01199e+06
1402 851209
1395 479982
1532 983302
966 516839
1385 1.24272e+06
1419 606338
1411 466875
1400 606638
1389 545639
1427 527962
1394 548714
1249 1.29475e+06
1409 1.37781e+06
1417 569355
1410 1.21784e+06
1514 545997
1251 579484
734 636416
406 499431
1247 839330
1010 601434
23 653460
3 872666
1422 825668
1268 1.48684e+06
15 716839
730 624460
1426 1.25067e+06
29 900896
365 707176
1403 647437
1218 1.37174e+06
25 547293
976 643947
1238 1.03137e+06
667 768578
30 609950
7 624755
974 639073
997 570708
1579 811058
1255 583337
17 848833
723 650230
408 811157
672 671293
682 830778
403 1.01258e+06
1531 462484
1242 546401
387 610672
728 667990
711 572006
990 654950
46 727916
60 1.19117e+06
389 632971
379 637686
10 631993
1258 664877
988 635942
683 1.14721e+06
410 623640
1256 731674
381 636261
373 616923
53 849060
1239 605004
1421 644792
733 654072
704 670041
677 528790
705 653036
59 691994
718 1.39448e+06
968 706718
991 664549
41 618687
386 646249
412 959937
382 597541
1521 632105
689 688496
973 676830
953 664745
393 782634
1505 811364
5 564595
398 615510
671 670415
370 853694
727 688989
1512 743934
404 1.5665e+06
1002 654868
701 781576
24 597690
993 748722
384 576119
1425 612242
56 725671
367 835597
19 810742
967 631311
1009 612040
1381 649639
995 666108
972 774244
11 674210
676 713993
400 630476
712 614995
1407 636243
1401 557549
688 611973
1415 748928
39 1.33869e+06
44 696125
27 1.02092e+06
1015 1.16722e+06
394 640176
981 771156
1580 942881
372 609790
383 645351
947 1.2525e+06
996 773250
1509 688929
717 601588
1014 688692
1379 1.63097e+06
1001 1.18498e+06
707 640052
1230 583261
1225 644200
706 564534
731 972471
371 623549
375 557820
366 1.01048e+06
699 711000
1378 886105
1412 716920
28 610132
378 1.01569e+06
710 633411
757 632518
1390 774909
954 739140
1388 718116
1508 738349
377 772898
48 561491
37 569700
1245 576533
1 628288
1215 943595
1237 660776
1253 806643
998 595416
1429 632356
1229 609421
1497 678341
1416 1.02874e+06
50 631402
724 658116
2 646913
1581 521313
722 624938
729 745585
675 699512
959 627636
674 1.0278e+06
987 888443
33 507308
1423 921377
1235 568666
1527 470764
49 684002
1220 639037
703 597197
1408 608470
1513 1.3331e+06
1515 952586
1233 548280
1250 665818
725 632479
969 523311
12 1.07888e+06
713 948971
1529 541008
952 589585
65 601653
1382 580701
1414 862978
1224 589394
681 606633
392 523512
16 894070
1240 553294
1004 676409
982 666375
986 757309
680 665401
1519 771640
691 551655
697 575683
1217 605243
726 544610
374 589412
32 687699
1307 646059
695 540264
36 543901
951 568566
679 578266
42 633073
1383 622793
1216 623083
1265 546083
1300 632996
1518 923584
1399 480633
1530 614491
1012 680481
1424 557447
1058 611733
1028 559396
397 694793
376 627752
1582 614698
1071 555714
1391 620282
1094 611587
110 830817
402 1.23962e+06
1380 801601
428 577813
1049 641549
775 613436
985 663008
77 548420
414 654803
1007 718859
1501 877660
1000 707856
698 933459
1398 541512
407 643777
949 936972
1393 685152
1439 566176
1047 649455
950 659598
137 680219
121 592674
1506 783536
1291 569037
54 510862
961 680454
1244 618722
694 624145
474 650034
405 805027
9 711733
1267 659512
149 595129
385 647747
1008 604969
960 635670
816 909237
1254 833878
1442 574015
1022 899812
490 777176
106 558487
1269 572983
1086 674631
67 674531
763 707973
62 651672
777 645728
1397 808265
422 657449
95 566379
478 538374
148 614575
684 574635
18 916385
467 610275
156 762679
390 560978
782 619464
1321 503149
52 1.28303e+06
449 633717
748 1.10628e+06
424 656900
105 635017
85 600803
1051 550297
1090 637839
784 602031
971 634833
94 624690
1036 481114
1034 685698
159 546451
369 667894
742 732820
421 940780
444 659935
700 830003
74 514091
1236 596561
1062 617367
139 550546
1040 628886
138 545774
142 612890
57 1.05738e+06
168 883759
669 1.14213e+06
1068 596313
73 711477
443 617598
1259 969961
89 563699
1214 799216
1017 624789
435 644610
63 633156
64 666922
20 829402
101 570869
129 616957
460 804700
1537 645871
783 627511
1081 700724
804 1.0356e+06
114 543842
1044 608344
413 580050
1297 579214
154 728123
22 651912
472 724623
112 597271
739 736456
35 576790
163 774188
1057 620005
146 605209
391 625973
1035 613471
480 584093
743 637290
673 606570
1277 1.15259e+06
668 584544
759 622136
1435 486254
465 621695
166 608453
473 568464
411 690879
82 562854
14 566149
817 652240
786 828762
709 611852
791 653646
119 606821
1270 595617
160 612360
1535 731001
463 729208
821 548316
162 612523
1306 584675
130 544154
133 579294
439 614566
143 589930
1317 480239
752 580174
66 881373
1315 675702
1304 590124
1319 482070
1281 838702
1286 626702
768 592957
1072 586730
751 1.74596e+06
68 792338
1290 561675
1003 632460
1295 605344
1312 610677
125 548287
808 804296
437 702767
1536 556643
1310 595763
1026 990797
764 621462
1311 650802
771 580445
774 628148
963 669465
767 684766
1446 810350
792 627717
471 594661
800 572560
1065 965018
1302 1.21633e+06
161 585194
1041 589764
1303 602828
1027 598385
779 578244
1076 654542
1434 587722
1016 554015
1431 786414
1043 613104
438 668166
1085 705420
453 565388
1283 578141
447 636600
1443 567673
741 726552
1095 699633
820 672273
81 570687
1032 560559
117 872652
1585 456398
87 600042
807 595513
756 602685
1074 662643
1050 671958
113 573691
481 619570
1436 597277
462 1.05299e+06
1282 559722
738 548540
479 623384
419 568488
1033 545470
1288 738138
812 634883
1084 907324
90 775970
433 627090
144 594866
1438 630498
1018 1.05845e+06
770 677344
88 972654
1445 569987
454 617839
426 695072
1069 683342
1087 922752
735 596227
1059 569119
781 625584
126 599189
147 582268
135 608065
434 607106
1437 602565
494 768448
136 699458
452 633253
1075 644863
425 638289
1070 562740
737 883231
466 599741
795 561820
417 1.64728e+06
1305 569769
1042 580629
744 689809
1298 611561
1273 652364
1299 581336
1092 711912
152 606929
75 579743
469 630888
489 574374
150 579324
124 605694
1276 891384
492 588790
155 600093
468 588273
420 711769
100 587979
491 804689
773 544851
456 587196
801 665813
1054 669689
1272 914778
1287 635377
153 595646
145 604569
746 640937
796 664107
79 773993
485 809171
115 558606
92 676707
118 610129
451 658711
84 572701
750 605120
91 579822
1433 1.02056e+06
72 615022
747 594803
778 536979
470 651763
108 641806
93 574901
128 616246
86 1.6047e+06
486 632234
1088 623257
164 656090
1063 594454
787 571049
780 595999
122 547952
785 598096
116 625480
487 852667
430 594376
1292 721401
111 754106
169 1.0602e+06
1056 601154
461 990655
69 641356
1430 523810
1073 581133
1078 613517
1080 580938
455 626187
819 612924
736 697780
488 650075
1089 612642
120 595016
464 605213
78 810549
102 547379
1294 644190
1284 621052
131 956908
1274 600982
103 670394
109 609248
70 841394
755 591875
1271 650028
80 667955
813 703589
475 616644
97 566876
440 661479
1440 589604
83 567242
814 951704
749 638636
99 654588
1048 859545
1025 577223
446 622345
1278 622219
157 762914
760 657444
107 588133
822 810092
1293 609831
141 611532
441 587945
1083 636026
845 981769
132 707168
758 580468
797 677727
123 663879
1285 644206
432 578212
740 638629
493 849559
803 679811
158 613156
1055 610351
1029 611268
458 613952
806 716754
1534 736186
1067 995757
1275 593367
1046 658394
811 1.15814e+06
754 619872
897 729146
442 614115
776 788054
167 801164
1096 600732
793 649355
477 658514
1037 827139
1158 677412
1309 688128
794 559807
815 661513
1064 685973
484 649483
1279 756996
1280 669056
1318 625175
575 647870
1060 566988
1432 581460
1301 591969
1313 808642
753 672088
140 585797
104 585773
788 659164
530 691709
76 500031
1441 580823
71 1.39916e+06
226 581342
1031 823698
577 527755
745 856856
194 835366
1021 574520
1533 791353
799 582057
1020 597296
878 708949
416 545761
423 688957
250 629241
482 598807
823 736266
450 580885
418 600286
1052 641215
134 952288
809 763603
761 582886
1444 636001
165 660453
548 617201
204 637899
483 692011
802 607325
496 927155
431 616446
1023 744583
1296 645964
98 567970
1576 710769
818 625921
415 975785
476 628963
151 614564
448 609701
805 595653
798 672708
762 600959
210 703749
1091 655616
1100 649427
1061 634523
191 1.28144e+06
1316 490779
187 566927
1066 669112
1112 984183
559 652867
1356 594919
1039 710162
866 607156
1030 649781
229 644285
209 666816
772 910996
262 611580
459 527798
215 908787
445 594438
566 490586
223 564928
515 682255
864 669686
766 650134
427 638751
507 1.56723e+06
902 575086
765 627265
541 542480
884 637042
1104 803724
831 636952
182 624220
245 604829
1045 686581
96 588664
769 524490
853 722730
568 848541
257 881592
1148 680367
1077 685889
903 983370
195 812895
222 663724
239 649488
185 617864
1024 921881
1314 701771
1109 635046
1451 464137
810 737900
457 610608
1450 534374
127 650530
186 539476
176 574531
1289 567565
240 652670
201 700603
497 581978
268 959678
193 720087
217 617446
214 688069
570 661658
572 838840
522 666603
233 605168
547 681322
1116 582075
254 912340
1079 658682
1159 617513
789 626456
1132 657755
503 586592
266 851134
1082 633847
213 597040
861 571935
571 613805
1093 872958
249 678126
251 691270
171 545199
196 620477
825 568880
539 632478
893 737111
170 643772
436 609552
221 603870
836 672273
267 680527
1320 659452
1341 584386
184 580587
1350 663724
1145 1.31096e+06
172 566287
1099 539600
1137 624063
900 1.03903e+06
1141 565982
246 593476
1108 881252
1538 970500
1539 362242
429 993907
790 669565
1577 454509
537 584198
502 734596
1363 617082
513 570434
1348 571222
1453 623487
1110 594598
1353 575806
1343 609708
1155 594006
1053 646088
1019 945513
220 574563
829 806824
1338 704255
850 668194
1322 673043
258 931531
248 598219
860 660433
1038 587699
1153 671724
516 586422
886 624277
1163 1.03821e+06
1125 679904
847 485976
888 589458
842 718560
532 981462
175 730308
841 1.44882e+06
529 640966
839 636158
876 683312
899 627905
533 604224
1308 696330
1123 571803
255 643520
1324 1.21745e+06
208 588196
524 669982
574 883880
834 626435
1452 550112
852 621967
858 1.05293e+06
567 749151
1113 753249
512 621533
1133 591582
540 502542
862 707550
1351 627454
256 614109
1147 577075
883 583437
181 663895
542 601120
887 638325
179 567230
498 627513
1105 571376
549 1.05688e+06
894 572402
835 674070
1330 873687
872 642002
857 1.07358e+06
236 638336
828 769976
536 579891
514 585311
830 524537
1124 640386
230 638354
1362 597664
269 1.42189e+06
189 678853
1540 944953
517 643703
558 575137
543 582944
1358 612402
509 586271
1150 579033
885 756732
1361 584283
873 505813
1335 562656
553 608813
520 665551
531 603039
1326 1.03471e+06
837 582880
259 649402
859 638282
264 848975
205 492486
1121 601249
838 671527
190 590325
207 573237
528 726074
1354 925247
495 831039
261 950431
851 607161
252 552230
227 602210
1331 585975
892 650713
501 602385
1156 725264
535 638148
1134 597700
225 569824
870 599020
563 1.04597e+06
173 847959
901 1.01004e+06
197 602307
882 607747
867 659820
546 1.11437e+06
565 596807
824 713574
1114 565805
174 678662
1332 583554
1347 578427
218 792690
203 551213
1117 654575
188 550067
178 677966
506 1.07983e+06
216 629054
849 667968
578 670363
826 785323
526 543291
552 632496
1161 670859
1152 705053
556 576752
1162 628801
510 1.68614e+06
869 626397
1120 587015
521 522067
844 585323
1143 604255
1344 555776
557 659810
562 640010
896 858567
224 625817
848 641415
244 614521
265 916283
856 568228
211 574986
579 1.05964e+06
518 593360
183 679751
527 586093
1357 640451
1328 578088
874 612472
832 669605
855 552611
1336 432093
551 660816
875 637475
1365 1.03837e+06
1146 697737
846 902025
865 616517
554 615822
1154 610780
1140 586078
232 609759
212 1.17446e+06
573 767171
1349 626462
1115 742962
1323 1.17426e+06
198 637560
1364 766867
1139 592359
231 728539
924 620128
1573 586087
237 932203
1097 1.04853e+06
1103 617533
544 611873
569 624603
504 564695
238 1.00821e+06
199 601652
895 634221
1339 501228
1106 1.07443e+06
192 1.71654e+06
1101 620932
241 608430
1160 654247
881 807696
1571 575215
219 595153
1337 581538
871 647489
560 586046
564 669233
550 648200
1447 890775
561 606581
1449 560460
1102 783164
913 599913
206 554684
1111 606746
1333 1.20236e+06
545 625837
270 906511
1129 540529
263 570173
363 988294
1572 974011
1359 622103
840 569012
1448 601453
1128 707701
1130 764002
1151 580446
854 602698
500 471640
1118 583103
898 580071
1119 614206
295 591988
235 905407
1346 506754
891 605159
1142 617266
508 635066
1208 1.0139e+06
505 625990
879 592546
1202 567251
827 672911
1360 569887
613 689989
621 587336
1127 565967
1164 678280
523 613151
1367 595993
538 585536
180 538749
1191 588449
1135 657693
1126 638986
253 616127
202 670438
1138 588050
298 569383
288 721811
273 921497
200 595510
634 610706
247 608277
243 613632
576 1.02603e+06
619 621332
843 766969
889 601670
890 633284
907 671946
260 828126
555 679241
868 655995
1544 504989
344 601879
933 605494
277 554590
525 575512
1157 642298
311 597144
928 644386
644 695171
910 595286
661 632454
1355 1.05812e+06
914 627453
833 570438
1144 692519
654 1.2856e+06
604 605382
586 793213
357 600776
923 603938
315 571411
1327 884705
592 573388
177 626001
587 472009
339 606770
359 894711
1107 581294
588 1.02954e+06
629 649003
664 1.46889e+06
600 695685
332 769094
335 626403
234 1.57176e+06
330 892011
534 621425
658 835426
640 596355
1352 622120
602 661835
1325 594182
228 476488
1122 684607
281 850410
310 698439
1329 573345
297 556387
362 1.00052e+06
608 615691
299 755728
635 735948
863 587823
636 651689
499 571496
1334 603014
326 655314
1578 1.31996e+06
1131 826487
1098 759820
279 698318
936 626155
1345 605881
904 1.10157e+06
284 1.75595e+06
1541 823573
354 940634
519 636251
593 578085
628 609634
307 817170
916 567698
308 601859
337 582324
627 553746
877 977333
880 681453
1172 560115
324 573940
304 1.02605e+06
1342 571066
912 912050
343 638205
941 653868
1340 695020
920 650693
650 654590
1165 1.37355e+06
242 661023
1136 609849
1371 597321
286 568912
274 557127
615 594677
652 843532
906 574800
340 592389
651 622485
1212 827518
645 529611
921 636509
591 632249
609 633974
1149 519475
320 622691
358 739643
935 499406
929 605783
620 587076
1574 571051
605 577125
589 603420
662 651606
918 637749
1211 829686
1180 588537
511 895915
641 643917
282 603406
331 591347
1187 571125
639 543957
582 596923
1575 611833
321 540536
350 1.0563e+06
942 784663
584 741645
1373 734896
657 700521
585 525277
1377 974016
917 843672
1189 587136
1177 597669
325 619908
352 997636
1198 713559
1205 577226
915 592170
1178 608419
1366 823778
643 613275
934 567467
1369 949643
610 569718
1174 1.52748e+06
909 655597
612 536078
905 949646
1190 648442
280 620630
1193 574285
303 529720
348 756038
347 987956
580 1.35356e+06
581 532848
926 579837
1168 599179
1199 556948
316 591663
1368 630812
944 940495
930 563570
1182 553048
1194 605375
314 981960
1197 761106
925 586436
656 585078
319 528831
1201 620912
922 521186
327 559897
927 575509
353 901365
336 545866
606 645159
1192 617237
334 596198
617 590171
1200 607876
290 630386
1204 600480
283 509125
345 600251
597 639732
1176 556073
272 906723
355 801057
1209 626224
1542 900606
291 589033
360 584524
1375 560047
663 620669
1184 722853
931 783061
601 582659
1545 454877
1167 583981
349 556799
1169 549721
278 503401
361 559989
305 1.40055e+06
312 657285
1186 552151
302 601436
911 601083
937 648517
341 597228
1170 1.05314e+06
300 541521
1543 989937
611 572408
329 606290
665 1.90395e+06
287 547594
276 536063
1179 570700
1188 618485
322 565373
318 621560
294 577082
607 654397
306 1.23842e+06
317 506819
648 581031
649 579928
623 567666
296 596784
1173 676243
271 554877
342 525952
598 1.95806e+06
1370 627821
323 534720
1376 597168
633 822152
309 822819
289 600200
338 582216
946 674373
1465 847672
333 590450
313 597637
1203 619265
346 692825
1372 724222
351 691861
1171 689785
1462 819440
275 955135
356 1.1904e+06
285 1.89062e+06
642 657341
1374 729699
1213 1.08089e+06
1564 974635
1570 572581
1565 811975
939 1.14313e+06
1549 967594
1493 761475
590 896013
647 1.09501e+06
1464 798107
1480 854232
1481 739508
1491 884441
1196 703880
1492 950945
1553 681882
1458 664971
1456 1.17479e+06
301 733019
655 1.56633e+06
1558 721613
1468 821339
1559 705505
1477 685104
1210 873764
1562 702673
1460 830871
1479 794473
1488 839377
1568 797788
594 986875
1472 885164
945 780732
1569 828176
1474 756890
631 892378
1494 967469
596 771327
328 805675
1183 938441
1482 969416
599 1.26617e+06
1566 1.37118e+06
614 1.56735e+06
1206 1.19084e+06
632 1.7499e+06
1195 1.76391e+06
638 988389
1455 715557
908 627850
293 815911
1469 756336
1561 745096
625 747737
660 1.128e+06
1459 1.41328e+06
626 703099
1546 907331
1463 1.05682e+06
1490 773354
1489 719124
1495 840171
653 650640
1467 697695
1185 765928
1485 865318
919 775575
1181 891600
1461 928987
595 1.29706e+06
616 1.0275e+06
1166 1.25794e+06
1454 1.69578e+06
618 696406
1484 641153
1457 911535
1207 833344
1478 656904
622 715409
659 831584
1587 606353
624 777979
603 854308
1487 813155
1471 760201
646 817977
364 1.46903e+06
637 1.24712e+06
1476 665154
1466 824989
583 745346
1175 834319
1486 711033
292 735405
932 787432
1583 714506
630 745866
938 1.10854e+06
940 1.4194e+06
1483 960687
1584 1.09276e+06
943 952590
1563 858699
1560 889052
1567 673656
1475 1.47364e+06
1555 692527
1551 751776
1473 864746
1547 820745
1470 888051
1550 746301
1552 1.15167e+06
1554 694731
1556 673862
1586 780014
1548 769045
1557 701842
